   5.7551085e-01  -4.6068583e-01
   6.6417118e-01  -7.4285010e-01
   6.6562439e-01  -1.2879974e+00
   1.0539048e+00  -7.0302287e-01
   8.2851168e-01  -1.1247244e+00
   8.8698847e-01  -7.5004391e-01
   1.3300805e-01  -5.4926993e-01
   7.2645570e-01  -4.9825025e-01
   1.5427324e-01  -1.3191216e+00
   6.8768065e-01   1.8373574e-01
   7.6046561e-01  -5.3391432e-01
   7.8541549e-01  -3.5281427e-01
   4.1910169e-01  -1.5103344e+00
   5.3644912e-01  -1.1875070e+00
   7.8708179e-01   7.8206897e-02
   7.4515179e-01  -2.0635671e+00
   3.2829658e-01  -1.3798627e+00
   3.9666707e-01  -1.1066924e+00
   1.2645434e+00   7.5239750e-01
  -2.1089787e-01   3.0892006e-01
   7.9424855e-01  -9.5173219e-02
  -1.2584019e-01  -3.8871147e-01
  -2.3512451e-01   4.9814649e-01
   5.1995814e-01  -3.1310793e-01
   1.0604967e+00  -7.5153310e-01
   7.9071698e-01  -7.1288244e-01
  -2.0822239e+00   2.3856118e-01
  -3.1711580e-01   3.6985888e-01
   6.5818024e-01  -5.8583215e-01
   3.5886221e-01   3.9407575e-01
   5.7728158e-01  -1.3104983e+00
   5.2609306e-01  -1.9427771e+00
  -8.6732596e-01  -2.3302236e-01
  -4.6177708e-01  -1.1697165e+00
   1.2026614e+00  -4.3607507e-01
   1.0004691e+00  -1.3321246e+00
   2.3442971e-01  -1.5809807e+00
  -5.8971350e-01  -1.1909125e+00
   6.9804913e-01  -1.7077336e+00
   4.2718490e-01  -7.1743579e-01
   1.8514845e-01  -5.5637400e-01
   2.0123044e-01  -7.0568087e-02
   7.3267797e-01   8.3514234e-02
   9.6217588e-01  -6.5546395e-01
  -2.3926633e-01  -8.8602291e-02
   6.0584481e-01  -1.2118551e-01
  -3.6981859e-01  -8.0423619e-01
  -1.3277461e-01  -2.8496497e-01
  -5.6576455e-01   1.2020004e+00
   4.2155573e-01  -1.1421324e+00
   2.0845370e-01   1.3304531e+00
   4.6821506e-01  -1.0312019e+00
   1.7230952e-02  -1.5800724e+00
  -2.4368653e-01  -2.8158093e-01
   5.5873959e-01  -7.4528100e-02
   3.7244878e-01  -1.3236397e-01
   1.4787066e-02  -9.3749801e-01
   2.2180318e-01  -1.2931913e+00
   5.5563467e-01  -2.8747532e-01
   3.4301506e-01   3.2659606e-01
   6.5939574e-01  -2.7805349e-01
   4.9139290e-01  -6.4484952e-01
   1.8028842e-01  -1.1394024e+00
   1.1089851e-01  -1.4249969e+00
   3.8548224e-02  -2.6023862e+00
   1.0348457e+00  -8.0615220e-01
  -7.0345962e-01   1.2698746e-01
   3.7787895e-01  -1.0658341e-01
  -1.2740763e-01  -8.0525497e-01
  -9.4151535e-01  -6.9647837e-01
   6.4019668e-01   3.9695024e-01
   1.0880518e+00  -4.5362341e-01
   9.1818674e-01  -2.4452610e-01
  -3.7589018e-01  -5.1292388e-01
   8.3209128e-01   4.7791640e-01
   1.0213637e+00  -4.5168234e-01
   8.2401116e-01  -1.7688744e+00
  -4.3570308e-01  -3.6413882e-01
   1.2025077e+00  -1.4403470e+00
   7.9627747e-01  -1.6725629e+00
  -5.5938109e-02  -1.2371412e+00
   2.9625401e-01  -6.5776952e-01
   8.1976595e-01  -1.2574481e+00
   7.4261351e-01  -4.9088200e-01
   3.0413507e-01  -5.6618701e-01
  -3.7609683e-01  -1.1111910e+00
   1.5246894e-01  -1.4201625e+00
   8.1507864e-02  -6.1395997e-01
   7.5048064e-01  -1.1763608e+00
   1.7426800e-01  -1.4790173e-01
   6.6307847e-01   7.7266125e-01
   6.0721822e-01   5.7543251e-01
   9.3796651e-01  -1.9290021e+00
   6.7485266e-01  -1.2660763e+00
  -9.9153251e-01   1.6427374e-01
  -4.5429085e-01   1.3024805e-01
   8.5585901e-02   1.0253061e+00
   1.0728068e+00  -1.9226543e+00
   3.9802100e-01  -1.1155976e+00
  -4.3623458e-01  -9.7337527e-01
   8.7382035e-01  -1.0842590e+00
  -4.1724729e-01  -1.0613954e+00
   1.7390206e-01   1.7715590e-01
   2.8411905e-01  -1.3604992e-01
   3.1900040e-01  -4.3799085e-01
   6.9940511e-03   1.2665969e-01
   6.1613008e-01  -1.8168713e+00
   5.8180868e-01  -3.3479286e-01
  -7.4364650e-02   5.1201819e-01
   7.0629957e-02  -6.0225042e-01
   7.0884579e-01  -2.0471100e+00
  -3.8078160e-01  -9.1831603e-01
   2.9150281e-01   3.7751605e-01
   9.4748424e-01  -5.9815489e-01
   8.1771527e-01  -1.0124106e+00
   1.2494782e+00  -5.9906016e-01
   8.0505614e-01  -7.1528829e-01
  -2.1194586e-01   3.6245762e-02
   1.0918459e+00  -1.8044338e+00
  -3.7161502e-01   3.4838028e-02
   5.6683583e-01   5.1947748e-02
   1.2161360e+00  -9.4388835e-01
   1.0618480e+00  -1.9814252e-01
   1.0090643e+00  -8.5130712e-01
  -1.6247284e-01  -1.0073267e+00
   3.9947719e-02  -3.3972965e-01
   2.4775236e-01  -5.9895177e-01
   6.3695548e-01   5.2856883e-01
   1.0723500e+00  -6.9390353e-01
   2.0137009e+00  -1.8977117e+00
  -1.5020431e-01  -1.6962901e+00
   5.2319858e-01  -5.2238508e-02
  -1.4682557e-01   1.7001202e-01
   2.0410956e-01  -6.2978950e-01
   8.4579155e-01  -4.8697749e-01
   1.3133713e-01  -1.1692243e+00
  -3.1978154e-02  -1.5004642e+00
   6.8183874e-01  -6.1086719e-02
   5.5908467e-01  -8.3645000e-01
   9.8008745e-01  -1.6896572e+00
   1.4457954e+00  -7.6769907e-01
   1.2324078e+00  -1.4449922e+00
  -5.4594099e-01  -9.9989943e-01
   1.0007951e+00  -1.2613330e+00
   5.1855742e-01  -9.1422145e-01
   3.6636975e-01  -1.3808138e-01
   2.0152922e-01   9.0020953e-02
  -8.9040424e-02  -1.2022548e+00
   6.0480013e-01  -3.0897144e-01
   2.9283209e-02  -9.4019647e-01
   1.0302977e-01   2.8398933e-01
   8.5323417e-01  -7.4461038e-01
  -1.2552568e+00  -2.2251273e+00
   1.4077539e-01  -1.0649316e+00
  -6.4304641e-01  -4.5699416e-01
   9.2657996e-01  -4.1717877e-01
  -7.9576458e-01  -1.9798766e+00
   5.5957014e-01   7.2041249e-02
  -2.2810171e-01   2.9316501e-01
  -2.6622025e-01   5.4824709e-01
   2.8321203e-01  -1.3065395e-01
  -1.6485523e-01  -1.4444378e-01
   3.7339951e-01   5.9300053e-01
   5.8155806e-01  -1.8117560e-01
   7.7064813e-01  -2.0453462e+00
   1.9943244e-01  -9.2596961e-02
   7.9882827e-01  -6.8065920e-01
   7.3697268e-02   7.3716109e-01
   8.2547638e-01   6.3566052e-01
   1.2589527e+00  -3.4822927e-01
   8.6337890e-01  -7.7808534e-01
   1.1867004e-02  -2.9406484e-01
   8.3871067e-01   8.9795944e-02
   1.3502533e+00  -1.0181465e+00
   3.3263989e-01  -7.5142231e-01
   7.9330683e-01   1.7231924e+00
  -6.9575433e-02  -1.7707455e+00
   9.7339879e-01  -2.1096711e-01
   1.3563823e+00   3.5063860e-01
   7.0853260e-01   4.4896200e-01
   8.4723055e-01  -5.0089977e-01
   8.5518677e-02   4.5435650e-01
   4.8370443e-01   3.1206686e-01
   6.1005541e-01  -1.9498330e-02
  -4.4474163e-01  -7.5387123e-01
   7.9337940e-01   2.1195369e-01
   2.9169523e-01  -4.0873052e-01
   4.7585025e-01  -1.1872478e+00
   1.4282175e+00  -1.2905028e+00
   6.7586606e-01  -1.5105213e+00
   5.4265342e-01  -2.2356458e+00
  -3.2140880e-01  -1.6232215e+00
   8.9825073e-01  -3.1260563e-02
  -9.3286854e-01  -1.7203698e+00
   3.9226766e-01   1.2155462e-01
   4.5112836e-01  -7.5748258e-01
   2.2223866e-01  -5.1761031e-01
   1.9763040e-01  -1.2681073e+00
   5.7971900e-01  -9.3742277e-01
   1.1956571e+00  -1.1010982e+00
   7.1381747e-01  -2.2116274e+00
   4.0306210e-01   2.1350681e-01
  -6.3900862e-02  -1.4572446e+00
  -6.6060901e-01   1.1003955e+00
  -2.6245925e-01  -1.4332747e+00
   7.0401356e-01  -6.6677227e-01
   8.5087407e-01  -1.0439808e-01
   3.7883370e-01  -3.7526733e-01
  -3.0861633e-01   7.8743474e-01
   1.0237176e+00  -3.1683175e+00
  -6.3764695e-01  -1.2984614e-01
  -5.7106667e-01  -4.6285079e-01
   5.5271014e-01  -1.8822469e+00
   8.8800204e-01   1.1439845e+00
   1.6706667e-01  -3.5097367e-01
   1.7764862e-01  -2.3530308e+00
   8.7501334e-01   1.9372283e-01
   5.8485263e-01  -1.3328578e+00
   7.2466520e-01  -1.3672672e+00
   8.5303796e-01   3.0991293e-01
   4.3548083e-02  -7.1567957e-01
   1.0095187e+00  -3.0345260e-01
   3.1979223e-01  -9.5925184e-01
  -4.1514764e-01  -4.9762942e-01
  -6.5739778e-01  -2.9332831e-01
   7.6157359e-01  -2.8652875e-02
   1.2399394e+00  -1.4211655e+00
   5.2151239e-01  -2.0751197e-01
   9.7807993e-01  -9.5829862e-01
  -1.0262723e-01   8.3649121e-03
   5.0524646e-01  -2.2698196e-01
   2.5502038e-02  -1.5364714e+00
   2.4052559e-01   6.9159241e-01
  -7.8053197e-01  -1.1951773e+00
   1.4115606e+00   2.0816968e+00
   3.9917711e-01   3.7500865e-01
   3.2027754e-01   5.4635912e-02
  -1.2558033e-01  -8.7044010e-01
  -7.5659875e-01   1.2118259e+00
  -9.5036921e-02   3.2766726e-02
   5.5374258e-01  -1.6385823e+00
   9.0567147e-01  -9.2789012e-01
  -3.2002293e-01   5.2890333e-01
   1.6101648e+00  -1.3938709e+00
   8.7485622e-02   1.5328213e+00
  -1.1333321e-01  -8.6130864e-01
   3.7593585e-01  -1.0523229e+00
   6.7838318e-01  -1.2383075e+00
  -4.5484550e-03   3.5711790e-01
   1.6926669e+00  -2.0844776e-01
  -1.3600794e+00   1.2364759e+00
   6.6967164e-01  -8.4017156e-01
  -1.7274225e-01   1.0967596e+00
   5.3547258e-01   2.3576969e-01
   5.2332352e-02  -3.6885115e-01
  -1.8928639e-01  -2.9265481e-01
   4.7728838e-03   2.2515554e-01
   1.5874377e+00  -3.0783185e-01
   2.6492774e-01   1.7518499e-01
  -6.6192240e-01  -1.1725914e+00
   7.0325942e-01   1.0230319e-01
  -4.2490347e-01  -1.2743331e+00
   1.1126450e+00   5.3665251e-01
  -6.4359753e-01  -8.9116234e-01
   1.4630903e-01  -1.4086578e-01
   7.2624151e-01  -1.8921235e+00
  -7.2927957e+00  -1.5865014e+01
   7.9556418e-02  -1.0089068e+00
   5.9332310e-01   4.1090236e-01
   2.7280815e-01  -3.9833330e-01
   7.3138432e-01  -6.1018814e-01
   1.0313131e+00   9.7582797e-01
   4.6398038e-01  -1.9250057e+00
  -1.0295968e+00  -1.2608584e+00
   3.5411271e-01  -4.6783957e-01
   1.0165742e+00  -4.7219780e-01
   1.8893332e-01  -2.3838151e+00
   9.3076888e-02   3.3521567e-01
   6.1325416e-01  -8.6679604e-01
   2.1283759e-01  -1.1666710e+00
   5.4692827e-01  -5.4540802e-01
   9.0052786e-01  -5.1359337e-01
  -3.9388453e-01  -1.2594211e-01
  -2.7299617e-02  -1.1924616e+00
   5.1445330e-01   1.5261052e-01
   1.5634011e+00  -1.4610237e+00
   1.2808061e+00  -4.8805636e-01
   2.8921109e-01  -1.2449381e+00
   2.2114167e-01  -7.6488603e-01
   3.8710928e-01   1.3855719e-01
   7.3637209e-01  -5.1129697e-01
  -6.1087365e-02   1.0241913e-01
   5.9378306e-01   6.1433518e-03
   1.3542353e-01   2.0527804e+00
   2.1521948e-01   4.0230059e-03
   7.8553060e-01   1.6896437e+00
   8.4503585e-01   3.8912821e-01
   1.0762394e+00  -6.1559949e-01
   4.8247704e-01  -2.2688386e-01
   1.6413356e-01  -6.7607571e-01
  -1.7223346e-02   4.9153269e-02
   2.1298480e-01  -1.3421026e+00
   3.2921697e-01  -7.9897308e-01
   5.7599092e-01  -8.3914617e-01
   3.4358916e-01  -1.0232819e+00
   1.1759423e-01  -1.5452762e-01
   7.8441654e-01   1.9693852e-01
   1.0102348e+00   9.7931782e-01
   1.8480852e-01  -3.6478513e-01
   7.8233312e-01  -8.6698897e-02
   7.0308965e-02  -6.6752102e-01
   2.9391596e-01  -4.0550496e-01
   1.7907050e+00  -3.0997269e-01
   5.2014254e-01  -1.0284940e+00
   6.2849024e-01  -1.6416759e+00
   1.9443119e-01  -1.5369096e+00
   4.5665448e-01  -4.3882678e-02
   9.1905534e-01  -4.8657630e-02
   3.1026132e-01  -1.3684548e+00
   9.9864861e-01   8.2016975e-01
  -8.3165329e-01  -7.0484270e-01
   1.6002862e+00  -2.3651397e-01
   9.6058277e-01   1.6694636e-01
  -3.2812594e-02   8.0518720e-01
   4.9953015e-01  -9.2712488e-01
  -4.1988475e-01  -1.1440831e+00
   9.0726822e-01  -1.4697652e+00
   5.4458313e-01  -2.7797169e-01
   8.7832520e-01   1.1892371e-01
   6.5929709e-01  -4.3988278e-01
   5.6804618e-01  -8.4480951e-01
   2.7443607e-01  -9.8242133e-01
   7.4073065e-01  -1.5077520e-01
  -1.7738011e-01  -6.4284491e-02
   7.9747267e-02   1.4545816e+00
  -3.7262313e-01   6.6592112e-02
   1.9228027e-01  -2.9460173e-01
  -3.7851155e-01  -1.5380292e+00
   3.3570988e-01  -1.3319126e+00
   4.0713960e-01  -4.9877349e-01
  -1.4399460e-01  -6.0431263e-01
   9.4417534e-01  -3.4979824e-01
   5.7945429e-02  -7.5645015e-01
   6.6896309e-02   1.3404031e+00
  -4.9904514e-01  -1.9007490e+00
   1.0905396e+00  -7.4685530e-01
   9.3272373e-01  -2.4567646e+00
   1.2320388e+00  -6.3901308e-02
   3.4404465e-02   2.4945464e-01
   1.8585463e-01  -1.0433783e+00
   5.4235374e-02  -6.8746850e-01
   7.9347616e-01  -3.7218237e-01
   9.9546881e-01  -3.8931797e-01
   1.1983747e+00  -1.5851809e+00
   4.7786374e-01  -1.7828344e+00
   1.5600734e+00  -2.0980626e+00
   5.9186405e-01  -1.5285176e+00
   1.5877724e-02  -5.0235067e-01
  -1.0209772e-01  -1.5963327e+00
   1.4338076e+00  -3.6773742e-01
  -1.1608134e+00  -1.4595391e+00
   8.1953423e-01  -1.1802612e+00
   9.4815821e-01  -7.5906608e-01
  -6.4207506e-02  -1.6156623e+00
   1.2659593e+00  -9.0897638e-01
   4.8506197e-01  -1.2962238e+00
  -7.6624839e-01  -1.6488636e+00
   8.7014614e-02   8.8396118e-01
   3.2400725e-01  -1.5968542e+00
   1.1487686e+00  -2.1520853e+00
   4.6923070e-01   1.4977865e-01
  -3.8971531e-02  -2.0154818e+00
  -3.0967406e-01   2.1070309e-01
  -1.5942542e-01  -2.9182226e-01
   1.9287104e-01  -9.4691366e-01
   8.0491235e-01  -1.8075644e-01
   1.3059046e-01  -2.3429561e+00
   3.4658570e-02  -1.0399496e+00
  -3.6777574e-01  -2.2018624e-01
  -4.7535496e-02  -2.5082954e-01
   5.5940777e-02   3.6417740e-01
   1.9078938e-01   4.6443342e-01
  -2.7960551e-02   8.2286808e-02
  -9.7395427e-01  -1.3348428e-01
  -1.5502390e+00  -1.1228889e+00
   2.9574156e-01  -9.0676990e-01
   6.9345323e-01  -6.7614077e-01
   1.0460519e+00  -8.1966677e-01
   1.5977817e+00  -6.3031505e-01
   3.8582907e-01  -1.2547855e+00
   4.2246106e-01  -8.1492792e-01
   1.1735021e+00  -6.4630361e-01
  -5.4224748e-02   7.7868836e-02
   1.6480238e-01  -5.7860109e-01
   8.2113312e-01   8.2299762e-02
   1.7168004e-01  -7.1146864e-01
   4.4332699e-01   3.6896168e-01
  -4.2841380e-01   3.9296176e-01
  -6.1384515e-01  -4.7091624e-01
   2.3058267e-01  -3.4307724e-01
   1.6016077e+00  -4.1331578e-01
  -7.1665895e-01  -1.4518976e+00
   4.6273616e-01   1.1446431e+00
   7.8950071e-01   1.9055944e-01
   2.3910029e-01  -9.3149178e-01
   3.1656698e-01  -3.1776620e-01
   1.0586140e+00  -3.3043973e-01
  -1.2795456e-01   4.5309069e-01
   4.4540104e-01  -1.0794855e+00
   1.0874371e+00   4.8055798e-01
   8.5398894e-01  -7.5680363e-02
   8.4622350e-01   1.9826044e-01
   2.0807863e-01  -4.1386691e-01
   9.2734017e-01  -3.7623857e-01
   4.9838158e-01  -4.4238552e-01
   1.3964856e+00  -1.1913255e-01
  -2.7849844e-01  -8.7816442e-01
   3.2971245e-01   2.2132428e-01
   4.9404141e-01  -4.5735920e-01
   4.3184182e-01  -7.9581409e-02
   3.3560363e-01  -1.1905622e+00
  -1.6411350e-02  -9.4338479e-01
   8.8815734e-01   7.0825125e-02
   7.9857558e-01  -7.5949845e-01
  -5.5079931e-01  -3.2614110e+00
   1.0888245e+00  -1.0464225e+00
  -1.5276256e-01  -1.1077090e+00
  -3.5282714e-01   1.6031322e-01
   2.5740142e-01  -4.3318467e-01
   6.4064984e-01  -8.6044399e-01
   9.9576638e-01  -5.7833647e-01
   6.0164232e-01  -9.5414614e-01
  -3.1247400e-01  -6.6017771e-01
   3.9614092e-01  -6.4740093e-01
   4.4388516e-01  -9.7888380e-01
   8.3482989e-01  -1.1719053e+00
   1.7185746e+00  -1.1568932e+00
   1.7262808e-01  -6.9446237e-01
  -4.8383712e-02  -1.1207904e+00
   1.5690320e+00  -3.4203138e-01
   7.1492233e-01  -2.0872509e-01
  -4.6172225e-01   3.4849995e-02
   9.5798607e-01  -2.3781267e+00
   1.2901138e+00  -6.8759685e-01
   2.8098333e-01  -5.2442598e-01
   3.7193459e-01  -3.4125676e-01
  -4.8067763e-02   1.4166851e-02
   5.8738006e-01  -6.4736028e-01
  -3.7589939e-01  -3.2076083e-01
   1.2842050e-01  -5.1129729e-01
   8.8998814e-03   1.2814364e-01
   6.6671197e-01  -2.3425705e-02
   1.5617422e-01   1.7358826e-01
   2.3355347e-01   8.5123716e-02
   5.6495073e-01  -1.1079753e-01
   6.6505719e-01  -1.6756780e+00
  -6.8630858e-01  -1.0326574e+00
   6.1355619e-01   1.3045687e+00
  -2.0092435e-01  -1.2558036e+00
   4.9387731e-01  -1.2108562e+00
  -8.6973656e-02  -7.3426345e-01
  -4.0587821e-01  -3.7196622e-01
   1.5373339e-01  -2.5745206e+00
   6.9109817e-01  -7.3774750e-01
   1.5704934e+00  -1.3318269e+00
   4.7138674e-01  -8.4332917e-02
   5.7459358e-01  -3.0830440e-01
  -3.5599951e-01  -1.1447702e+00
   5.0189619e-01  -4.0726785e-03
  -8.0094199e-03  -1.1695298e+00
  -3.4887969e-01  -1.0289636e+00
  -4.6638699e-01  -4.8494303e-01
   9.7021416e-01   4.7493582e-01
   6.4760853e-02  -5.1670453e-01
   1.9790444e-01  -7.1368529e-01
   1.8085442e-01  -3.0124648e-01
  -8.0964566e-02  -5.3440908e-01
   2.0848184e-01  -3.5648793e-01
   1.1531310e+00  -3.0792644e-01
  -1.6665554e-01  -1.5247752e+00
   5.1401127e-01  -2.7057619e-01
  -1.3497303e-01  -2.2365619e+00
   1.1572167e+00  -1.4997678e+00
   1.2524507e-03  -9.8872141e-01
   6.2789607e-01  -7.9159273e-01
   7.7531027e-01  -7.7682817e-01
   4.5244540e-01  -5.1603480e-01
   6.5670078e-01  -4.9091146e-01
   3.4854102e-01  -6.3090573e-01
   1.7646037e+00  -2.2816896e-01
   1.3751077e+00  -4.8909181e-01
   1.0708785e+00   4.8995028e-01
   1.4222225e+00  -8.8696625e-01
   2.1632388e-01  -9.9240810e-01
   6.0119748e-01  -1.3943474e+00
   7.3050326e-01  -4.9964308e-01
   1.0475631e+00   2.1411739e-01
   2.6651180e-01  -7.6657125e-01
   1.3144570e+00  -9.8367328e-01
   1.4976150e-01  -1.0332674e+00
   1.2187334e+00  -1.2965645e+00
  -3.0463309e-02  -5.4751656e-01
  -3.1992346e-01  -1.5040746e+00
   3.5539263e-01  -6.3647563e-01
   6.3847310e-01  -9.5693728e-01
   4.3698473e-01  -8.1654298e-01
   9.9563622e-01  -5.2402820e-01
  -2.8748435e-02  -4.9338366e-01
   1.3848401e+00  -3.8159817e-01
   9.7090304e-01   4.0516985e-02
   8.4149954e-01  -2.0116482e+00
  -4.9643171e-01  -1.1951169e+00
   5.9915590e-01  -8.5297607e-01
   8.8366004e-01  -8.2404705e-01
   8.4991509e-01  -5.2655959e-01
   5.7184271e-02  -1.1021462e+00
   1.1935821e+00  -5.6369124e-01
   1.2309840e+00  -5.1393062e-01
   4.3395764e-01  -1.8487927e+00
   3.1841972e-01   2.1410953e-01
  -6.0743996e-01   2.4183644e-02
   1.2348737e+00  -2.2696009e+00
   3.3989800e-01  -2.6829040e-02
  -9.6009096e-02  -6.8371971e-01
   4.2340335e-01  -4.2995312e-01
   2.4577080e-01   4.4610054e-01
  -1.4763817e-01   9.2255780e-01
  -1.6919497e-01  -1.4972076e+00
   6.4377273e-01  -9.2225989e-02
   8.7103045e-01  -5.2905384e-01
  -2.6496646e-01  -9.0388956e-01
   8.2082728e-01  -8.0499250e-01
   6.3077473e-02  -3.4462289e-01
   1.8456115e-01  -2.7200576e-01
  -4.2566648e-01  -9.1899432e-01
  -1.1962940e+00  -1.0738646e+00
   3.0839811e-01  -2.6542636e+00
  -1.0656417e-01  -3.5149709e-01
   7.1692046e-01  -1.1894162e+00
  -3.5638931e-01  -6.7327104e-01
   9.7283219e-01   1.2208526e-02
  -1.5937152e-02  -5.9387992e-01
   1.8887032e-01  -8.9113076e-01
   5.3852656e-01  -3.8133246e-01
   8.8053125e-01  -2.6754222e-01
   1.1886898e+00  -2.0275645e+00
  -3.2468291e-01  -1.3547577e+00
  -1.5276784e-01   1.0572975e+00
   6.3233419e-01  -9.0912868e-03
   2.2741710e-01  -3.4817542e-01
  -2.7509103e-01  -8.3538882e-01
   1.8015930e+00  -4.7051877e-01
   9.0300547e-01  -1.3676927e+00
   8.0921656e-01  -1.0747941e+00
   1.9819533e-01   1.0186746e-01
   6.8426967e-01  -1.0775715e+00
   4.7336945e-01  -1.4332721e+00
  -1.5447884e-02  -1.1097554e+00
  -1.0218654e-01  -1.3747549e+00
   2.6723839e-01  -9.6292394e-01
   4.3505970e-01   1.9547408e-01
   7.2618025e-01  -2.8481562e-01
   5.4061719e-01  -1.6904272e+00
   6.5585808e-01  -2.0755610e+00
   1.4436264e+00  -1.7940315e+00
   8.4868461e-01  -1.2512907e+00
   1.0261075e+00  -5.8027632e-01
   1.3551131e+00  -1.0198639e+00
   6.9245556e-01  -3.0361709e+00
   9.4732167e-01  -1.7596365e+00
   1.0251245e+00   7.0885516e-01
   2.7437064e-01  -1.7624097e+00
   8.6634070e-02   4.0095834e-01
   3.9022420e-01  -6.1923581e-01
   5.1073502e-01  -8.4005037e-01
   1.1857726e+00  -2.3696821e+00
   1.1225282e+00  -1.2559400e+00
  -2.7063303e-01  -2.4229044e+00
   7.1291074e-01  -2.5351319e+00
   7.6954780e-01  -2.0815280e+00
   6.5726084e-01  -7.9741168e-01
   5.4728061e-01  -7.0789747e-01
   2.7995757e-01  -1.2989125e+00
   8.8754718e-01  -5.6610893e-01
   6.9882811e-01  -1.3938110e+00
  -5.5405304e-02  -1.0220328e+00
   9.7707567e-01  -9.3760924e-01
   2.7594203e-01   3.9727443e-01
   8.6035510e-01  -2.6033729e-01
   8.2272606e-01  -1.0715197e+00
  -6.8916723e-01  -1.6673167e+00
   1.1102746e+00  -1.7040034e-01
   1.9615573e-01  -3.0724608e-01
   1.0211889e+00  -9.4826074e-01
   4.1661143e-01  -4.7363711e-01
  -2.1104245e-01  -2.1320150e+00
   5.8502488e-02  -5.0681616e-01
   8.4631983e-01  -1.1672596e+00
  -4.8960621e-03  -2.0733235e-01
  -2.6940873e-02  -1.3739722e+00
   1.2417773e-01   1.8339183e-01
   5.6822445e-01  -1.0187825e+00
   6.3919040e-02   5.6081547e-01
   7.6401869e-01  -6.0881166e-01
   3.7332242e-01   2.2084130e-01
   2.5674360e-01  -6.8169001e-01
   3.1722022e-01   2.9353071e-01
   5.9871494e-01   1.3134106e-01
   7.1230350e-01   6.4302989e-01
   8.2846892e-01  -1.7320303e+00
  -5.8922416e-01  -1.5216167e-01
   6.9570529e-01  -1.2109741e+00
   5.8653551e-01  -1.5984327e+00
   3.7141315e-01  -5.7428301e-01
   6.9663984e-01  -1.0178866e+00
   3.2932681e-01  -3.2120408e-01
   8.4071297e-01  -2.0454954e-01
   1.3840582e+00  -1.1576256e+00
  -6.7458197e-02   8.9388416e-02
   7.8714536e-01  -1.0526067e-01
   4.5519553e-01   9.5646983e-01
   2.2835138e-02  -1.4510472e+00
   6.8232654e-02  -6.3769706e-01
   1.4559777e+00  -9.3932296e-01
   1.6024550e+00   1.6108459e+00
   2.1135273e-01  -2.5899834e+00
   2.8065800e-01  -8.8986937e-01
   6.2235720e-01  -1.7481198e+00
   3.9228766e-01  -2.0443471e+00
   1.3845269e-01  -9.1059881e-01
   5.5817123e-01  -1.8802117e+00
  -1.6283347e-01  -1.1939564e+00
   3.7523709e-01  -1.4922915e+00
   5.2773182e-01  -1.2224163e+00
   3.2098494e-01  -3.6824582e-01
   5.6175870e-01   2.4407859e-01
   2.3476317e-01  -1.4175869e+00
   5.7768440e-01  -1.8196125e+00
   2.9375216e-01  -2.0899537e+00
   1.6355074e-01  -1.1681391e+00
  -1.6596655e-01  -3.5893503e-01
   6.3555699e-01  -1.4527535e+00
   4.5246165e-01  -6.3358331e-01
   1.3943482e+00  -1.3098092e+00
  -5.1270958e-01  -6.3498227e-01
   3.3736241e-01  -1.3614154e+00
   9.7123839e-01  -7.7929110e-01
   3.4102013e-01  -1.3745378e+00
   7.7005515e-01  -9.0849219e-01
   1.1057998e+00  -7.3601405e-01
   5.0356026e-01  -4.6556540e-01
  -3.3918100e-02  -5.6246449e-01
   3.4837260e-01  -6.3903249e-01
   9.6062146e-02  -8.2362921e-01
  -3.8656917e-01  -5.3110001e-02
  -1.0062818e+00  -9.0553688e-01
   1.3183186e-01  -1.2634582e+00
   2.3606883e-01  -5.6680406e-01
   9.8136332e-02  -2.1964656e+00
   3.0709122e-01  -1.5369956e+00
   3.6768771e-01  -7.4625463e-01
  -1.0193714e-01  -2.9771993e-01
  -9.4552711e-01  -1.4683946e+00
   3.0758441e-01  -1.6654106e+00
   3.1329265e-01   5.6891394e-01
  -7.0397525e-02  -3.5111653e-01
   1.7879746e-01  -5.1545022e-01
  -2.6531657e+00  -9.6224903e-01
   7.5101592e-01  -1.9074761e+00
  -1.2940987e-01  -9.2534096e-01
   3.5791064e-01  -7.7803568e-01
   5.5118579e-02  -8.2265988e-02
   3.1275674e-01  -8.1503862e-01
   9.5377292e-01   8.6933228e-01
  -2.9342468e-01  -3.9161414e-01
   2.1076136e-01  -1.6704836e-01
  -3.2853684e-01   7.1077677e-01
   3.9030428e-01  -1.3443552e+00
   8.5887646e-01  -1.1486767e+00
   1.2845723e+00  -1.3719989e+00
   3.0047426e-01   5.0127061e-01
   9.9198782e-01  -5.2793158e-01
   1.3273649e+00  -5.6277880e-01
  -6.2402615e-01  -4.0915543e-03
  -9.1555973e-02  -4.6209475e-01
   9.9690869e-01  -5.2349644e-01
   5.7268764e-01  -1.3280700e+00
  -3.9453438e-01  -1.2958416e+00
   5.0952274e-01  -7.8143188e-01
   2.6258676e-01  -3.2496664e-01
   5.2734831e-01   3.8953804e-01
   3.1556237e-01  -4.7183484e-01
   4.2223085e-01  -7.1508908e-01
   1.0066539e+00  -8.5048159e-01
   9.9782962e-01  -9.6624214e-01
   1.3901051e+00  -9.5813126e-01
   4.4906233e-02  -1.3298065e+00
   1.7913247e-01  -2.4716079e-01
   2.0418506e-01  -1.1356043e+00
   4.1763212e-02  -8.6185482e-01
   4.7984103e-01  -1.9535923e-01
   2.0232579e-01  -2.5652898e-01
  -1.3844079e-01  -1.3725086e+00
   2.9278727e-01  -2.0234609e+00
   2.1083845e-01   3.4895615e-01
  -4.4325679e-01  -2.8996488e-01
   7.9306408e-03  -1.5878376e+00
   6.0283025e-01  -3.1297868e-01
  -2.1868506e-01  -8.0076108e-01
   1.0777999e+00   4.5907526e-01
   5.6315979e-01  -1.6811398e+00
   1.2145872e-01   6.0847643e-01
   1.4447711e-01   7.7964920e-02
   6.4227941e-01  -4.3595238e-01
  -3.2845292e-02  -6.5663236e-01
   1.6954090e+00  -5.4672244e-01
   1.1407294e+00  -1.0969959e+00
   8.0569841e-01  -7.0303279e-01
   1.4348079e+00  -1.2747818e+00
   8.5994070e-01  -5.0354163e-01
   1.0779713e+00  -1.2867351e+00
   9.4249064e-01  -7.5851470e-02
   4.6807174e-01  -2.1949048e+00
   5.8089276e-01  -2.4307379e+00
   1.3447168e+00  -1.3776679e+00
   1.1021628e+00  -2.1907690e+00
   7.9697091e-01  -5.3083535e-01
  -8.8120176e-01  -9.6348864e-01
  -2.9484049e-01  -1.0277124e+00
   6.0672158e-01  -1.4161324e+00
   1.5578595e+00  -1.9285786e+00
   1.6423697e-01  -6.8678698e-01
   5.6908567e-01  -7.0112599e-01
   4.0232647e-01  -1.5233174e+00
   4.6487925e-01  -6.1188520e-01
   1.4259691e+00   4.6398005e-01
   2.2273561e-01  -9.9023629e-01
   8.7837909e-01  -1.5139645e+00
   7.8099932e-01  -3.2187975e-01
   7.3400560e-01  -5.9846678e-01
   1.3162620e+00  -1.6036040e-03
   1.1150598e+00  -1.0615912e+00
   9.7691268e-01  -2.5710713e-01
   3.2377047e-01  -1.4716058e+00
   8.5444077e-01  -8.9267772e-01
   7.3697337e-01   1.9968797e+00
   1.7815911e+00  -4.2482857e-01
  -5.6590102e-01  -2.4811360e-01
   3.5313178e-01  -1.8070882e+00
   5.7619400e-01  -6.8862697e-01
   7.0587929e-01  -1.0205851e+00
   3.9657996e-01  -1.0450004e+00
   6.9909841e-01  -1.6023675e+00
   2.7651231e-01  -8.9801298e-01
   4.8309272e-01   3.7109843e-01
   1.2036877e+00  -4.3122335e-01
   7.6244719e-01  -1.6575045e+00
   2.6362091e-01  -1.4449465e+00
  -7.6319297e-02   6.8308459e-01
   4.7323808e-01  -6.5231171e-01
   6.7710970e-01  -1.0530728e+00
   5.1519654e-01  -1.0148277e+00
  -2.5046888e-01  -1.2515638e+00
   6.8476571e-02  -9.9178103e-01
   1.2687411e+00  -4.1143608e-01
   7.2686705e-01  -1.4034834e+00
   3.3795129e-01  -9.1220543e-01
   3.7975525e-01  -7.4245905e-01
   6.8496289e-01   1.8220135e-01
   5.1343764e-01  -4.7665007e-01
   2.5886919e-01  -1.1143572e+00
  -3.3737350e-01  -1.0983027e+00
  -2.4692611e-01  -1.7909096e+00
   4.8883939e-01  -5.5538588e-01
   5.8843157e-01   3.0626249e-01
   8.6298881e-02  -1.5334448e-01
   5.3659105e-01  -1.4702710e-01
   4.7295172e-01  -1.1310529e+00
   1.0561777e+00  -1.4559900e-01
   1.0528159e-01  -2.3790855e+00
   5.2520006e-01  -1.1411499e+00
   3.4215024e-03  -2.4117742e+00
   1.6846682e-01  -8.2320856e-02
  -3.3727949e-02   4.8521388e-01
  -3.0833380e-01  -9.1281178e-01
  -4.2465048e-01  -6.0787444e-01
   9.8331729e-01  -1.7242349e-01
   1.0541067e-01  -1.7065093e-01
   6.4543167e-01  -4.7518685e-01
   4.4925043e-01  -7.7621879e-01
   5.5499679e-01  -2.3573849e+00
  -1.0765466e-02  -4.5285714e-01
   1.0989418e+00  -4.7489278e-01
  -3.9209539e-02  -1.0536814e+00
   1.5065022e+00  -1.9369469e+00
   1.1160008e+00  -1.4255015e+00
   1.1537783e+00  -8.7388150e-01
   4.7317676e-01  -8.7186144e-01
   8.5704412e-01  -4.1503622e-01
   8.0931035e-01  -2.5503888e+00
   8.0971517e-01  -1.3576159e-01
   7.8026295e-01   4.6381773e-01
  -3.3547747e-01   4.3176291e-01
   2.4927749e-01  -1.4334498e+00
   4.9553686e-01  -3.0903098e-02
   4.0001574e-01  -3.5675264e-01
   2.1940246e-01  -8.1768342e-01
  -2.2602301e-01  -1.7786016e+00
   3.3634441e-01  -6.9638787e-01
   7.9891365e-01  -2.2579223e+00
  -9.2642371e-02  -2.1067635e+00
   1.4809194e-01  -1.1256886e+00
   9.0420897e-01  -2.9007860e-01
   1.5081507e+00  -1.5275454e+00
   7.8560199e-01   7.7813096e-02
   1.5660042e+00  -6.8826221e-01
   1.2058075e-03  -2.7382015e-01
   8.3571618e-01   4.2943112e-01
  -3.9490200e-01  -8.9755491e-01
   1.0716345e+00  -6.8367918e-01
   3.2121386e-01  -1.3846986e+00
   6.5461816e-01  -2.5821455e-01
   4.1770083e-01   2.5097471e-01
   4.9392832e-01  -1.0048770e+00
   6.3349920e-01  -1.2279482e+00
   7.7316651e-01  -5.7088587e-03
  -4.5678041e-01   7.1587109e-01
   2.6415366e-02   7.7342411e-02
   4.7418835e-01  -1.9217222e+00
  -2.9437221e-01  -1.5173090e+00
   6.7455691e-01  -1.8846355e+00
   3.7454539e-01  -1.1970812e+00
   3.7630566e-01  -1.1317966e+00
   1.3705297e-01  -1.2769444e+00
   5.0369021e-01  -5.5188395e-01
   3.4234897e-01  -1.4194266e+00
   4.7143569e-01  -3.2457423e-01
   8.0743824e-01   1.2892591e-01
   6.4619204e-01  -2.2325386e+00
   5.1851353e-02  -8.0410273e-01
   1.9354028e-01  -9.1445835e-01
   1.4557210e+00  -1.1760134e+00
   7.9723333e-01  -1.4599129e+00
  -9.1671272e-01  -9.8865066e-01
  -4.2900502e-01  -5.4613557e-01
   8.0016143e-01   1.1126887e-01
  -1.2685954e-01  -8.4680529e-01
   7.4664928e-01  -4.8425304e-01
  -5.4274488e-01  -6.2210856e-01
   3.9275515e-01  -4.5072066e-01
   4.7108402e-01  -1.6122136e-01
   8.4931101e-01   1.9971106e-01
   1.4902892e-01  -1.3511458e+00
   3.5278815e-01  -2.0534978e+00
   9.2858508e-01  -7.2538487e-01
   3.3035364e-01  -7.5713418e-01
   1.2786203e+00  -3.2259898e-01
   1.1090703e+00   3.7104870e-01
   8.2476337e-01  -1.9401525e+00
   1.6844952e+00  -1.2172849e+00
   8.1262590e-01  -1.0653175e+00
   3.5396700e-01  -8.7820200e-01
   9.8063002e-01  -5.2968773e-01
   6.9795961e-01  -1.2424558e+00
   6.2284563e-02  -7.8162453e-01
   5.4045670e-01  -3.2515797e-01
   5.6954631e-01  -4.9647565e-01
   7.0105408e-01  -5.7672865e-01
   6.7236259e-01  -2.7800107e-02
  -2.7661138e-01  -5.4162467e-01
   1.7693595e-01  -1.6581370e-01
   4.4652131e-01  -5.1128189e-01
   1.0956257e+00   6.8913654e-02
   4.2695387e-01  -3.0762117e-01
  -2.5640117e-01  -2.8005807e-01
   1.1867459e-01  -1.1553585e+00
  -1.8548390e-01  -7.2516169e-01
   4.2819412e-01   1.5755310e-02
  -1.3838048e+00   2.4743846e-03
   7.7468607e-01  -1.7770890e+00
  -7.2601736e-01  -7.0917488e-01
   4.9800195e-01   1.7015398e-01
  -1.2455226e+00   1.1747173e-01
  -2.3856851e-01  -1.9716437e+00
  -9.9009849e-01  -3.5289884e-01
  -8.9555006e-01  -1.0474379e+00
  -8.4558029e-02  -1.6957333e+00
   9.8530111e-01   1.4646001e-01
  -2.0505182e-01  -4.8279000e-01
  -8.9181005e-01  -7.4396727e-01
   3.6947270e-01  -1.3559346e+00
   1.1548516e+00  -1.4318610e+00
