  -1.9889515e+00   2.1620743e-01
  -1.4845224e+00   3.2133744e-01
  -6.3189466e-01   2.6601184e-01
   4.0082960e-01   2.3415682e-02
  -5.8093196e-01   1.4963465e-01
  -9.7865708e-01   3.3834621e-01
  -1.9779914e+00   4.6527290e-01
  -1.2262380e+00   1.5703936e-01
  -2.9887207e+00   2.0193399e-01
  -1.8294566e+00   2.5668384e-01
  -6.3991991e-01   6.8587455e-02
  -1.7586896e+00   1.3072137e-01
  -6.1351875e-01   4.0525162e-01
  -2.4783602e+00  -2.2329386e-02
  -3.9022108e+00   1.1027811e-01
  -4.2650951e+00   5.1612142e-01
   2.5816594e-01   1.7471121e-01
  -5.2942439e+00  -1.1228927e-01
  -1.2270139e+00   1.6335130e-01
  -2.1480158e+00   2.9158726e-02
  -5.4536399e-01   6.7803285e-01
  -2.4734923e+00   1.9696621e-01
  -1.9482733e+00   5.7310533e-01
   8.6970721e-02   1.9110456e-01
  -2.2299567e+00  -7.9719200e-02
  -8.6351932e-01   5.8050870e-01
  -5.9993532e-01   2.4360056e-01
   6.3540341e-01   5.7709165e-01
  -1.8932792e+00   3.3477167e-01
  -1.1013424e+00   6.1931664e-03
   8.4414615e-01   2.6567719e-01
  -2.2171436e+00   9.5104933e-02
  -5.0543476e+00   9.2420342e-02
  -2.1242959e+00   8.0497778e-02
   1.3306576e+00  -8.7642175e-02
  -1.0264150e+00   2.9749819e-01
  -4.3297143e+00   3.7968333e-01
  -2.9767794e+00   3.4165471e-01
  -7.9177676e-01   3.2490327e-01
  -1.2861529e+00   3.9918565e-01
  -3.0599088e+00   5.7178236e-02
  -2.3836365e+00   1.5116565e-01
  -1.6548362e+00   6.5981608e-02
  -2.0562530e+00   4.2768176e-01
  -1.9516502e+00   4.1523373e-01
  -2.2191547e+00   1.8808253e-01
  -1.8431464e+00   9.7521043e-02
  -1.5956416e+00   2.8702490e-01
   1.9472331e-01   2.7789055e-01
  -1.2385359e+00   2.2796322e-01
  -5.7473954e-02   8.5990295e-02
  -3.9018582e+00   3.3021481e-01
  -1.6220819e+00   6.8254432e-02
  -3.2154983e+00   2.0669281e-01
   1.3117717e+00   2.1354400e-01
  -5.4319766e+00   3.3835499e-01
  -2.7191665e+00   1.2354493e-01
  -2.7882719e+00   2.9331448e-02
  -1.7969048e+00   9.8129765e-02
  -9.9552346e-01   4.4606044e-01
  -2.4420985e+00   3.5204723e-01
  -2.8454294e+00   1.9145475e-01
  -4.0080598e+00   5.2646495e-01
  -2.2211968e+00   7.0292564e-02
  -3.1425817e+00   5.8223057e-02
   1.7119201e-01  -3.9869199e-02
  -1.9054487e+00   3.4542198e-01
   5.6000294e-01   5.4577280e-01
  -1.9790469e+00  -7.0435209e-02
  -1.3829471e+00   2.7784600e-01
  -1.3055127e+00   2.9255572e-01
  -1.4651339e+00  -1.2296743e-02
  -1.5025713e+00   4.0376927e-01
  -3.7368320e-01  -6.3111476e-02
   2.0156510e-04   2.8885445e-01
  -1.8523684e+00   1.5010486e-01
  -1.3290156e+00   2.7447556e-01
  -3.4594422e+00   1.4552159e-01
   1.3382779e+00   2.8815352e-01
   6.3390834e-01  -1.0706205e-01
  -2.3553017e+00   2.4588736e-01
  -2.9066651e+00   1.3636129e-01
  -2.4764993e+00   4.7026775e-01
  -2.4148220e+00   4.1008203e-01
  -4.1153710e+00   3.1249284e-01
  -2.8185027e+00   4.7465516e-01
  -2.6435488e+00  -2.0588939e-02
  -1.1374457e+00   3.8893797e-01
  -1.0559642e+00   1.4019563e-01
  -1.6180205e+00   1.4768400e-01
  -2.8792175e+00   3.1490595e-02
   1.0970993e+00   4.7143885e-01
   8.5504086e-01   1.2318055e-01
  -2.4461348e+00   4.4093440e-01
   4.2008975e-02   7.2097553e-02
  -2.0185203e+00   5.0450393e-01
  -1.9956152e+00   5.7644687e-02
  -3.3436103e-01  -9.8139481e-03
  -2.8270500e+00   2.3504268e-01
  -1.9846340e+00  -5.5891240e-02
  -2.5150544e+00   2.2931428e-01
  -6.8003481e-01  -9.7741213e-02
  -2.9735488e+00   2.1401832e-01
  -5.5542183e-01   5.5696883e-01
  -2.4445314e+00   6.9116053e-02
  -1.7773229e+00   1.6702603e-01
   6.2026387e-02   8.0242152e-01
  -2.5753913e+00   3.2698835e-01
  -3.9469737e+00   4.4002118e-01
  -1.3836395e+00   2.1803077e-01
   1.3634802e+00  -2.2770792e-01
  -2.4359923e+00   2.4047465e-01
  -3.7792030e+00   9.5675288e-02
  -2.2822455e+00   1.0438228e-01
  -5.5247146e+00   5.6514451e-02
  -2.6875037e+00   2.7121020e-01
  -2.8078070e+00   4.2452278e-01
   8.1813755e+01  -8.5905726e+01
   7.3882825e-01   1.4388781e-01
   2.9627878e+00   1.5945221e-01
  -4.4097222e-01   3.0177807e-01
  -2.5780093e+00   6.9335667e-01
  -1.2031870e+00   2.1042607e-01
  -1.8498769e+00   3.3200171e-02
  -2.0501665e+00   1.9109007e-02
   6.5679516e-01  -1.3912809e-01
   3.3420389e-01   2.6001377e-01
  -1.9230897e+00   2.7480106e-01
   5.5030967e-01   4.1678473e-01
  -7.4522429e-01   2.3924330e-01
  -1.1261708e+00   3.6927969e-01
  -2.6348159e+00   2.7378449e-01
  -3.3925376e+00   2.5928400e-01
  -4.2705035e+00  -3.7586786e-02
  -1.0281668e+00   1.9285174e-01
  -1.6078019e+00   3.8172087e-01
  -1.8308591e+00   1.5637837e-01
  -1.9132222e+00   3.1997256e-01
  -1.6030162e+00   8.8902413e-02
  -1.3023283e+00   1.4155550e-01
   3.8180759e-01   2.0032916e-01
   7.8228538e-01   2.8530239e-01
  -4.1483913e+00   4.4236902e-02
   1.5160862e-01   3.8239974e-01
   2.0740443e-02   2.5402766e-01
   6.3392121e-01   1.5872475e-01
  -2.6463387e-02  -1.8803832e-02
   1.5887916e+00   2.9405169e-01
  -2.5511907e+00   7.1352682e-01
   5.7999092e-01   8.5347189e-01
  -7.9147518e-01   1.3451591e-01
  -1.1723134e+00   1.3277419e-01
  -2.2088846e+00  -5.0424348e-02
  -2.0925177e+00   2.4136832e-01
  -1.2885248e+00   2.5446397e-01
  -2.8244798e+00   5.2741486e-02
  -1.0893211e+00   1.2156847e-01
  -1.2097988e+00   3.2624330e-01
  -1.8686491e+00   4.1871041e-01
   2.0664832e+00   4.9602124e-01
  -7.7334053e-01   1.1090543e-01
  -3.7371330e+00   4.9203049e-01
  -2.6651752e+00   1.1218240e-01
  -2.5703707e+00   2.4298512e-01
  -1.1143500e-01   1.7746137e-01
  -2.2914649e+00   2.5454116e-03
  -1.1725902e+00   4.8262212e-01
  -6.6816286e-01   5.2888082e-01
  -2.0924550e+00   2.2445465e-01
  -3.1684139e-01  -1.3234770e-01
  -1.8211061e+00   3.0537398e-01
  -1.3335118e+00   1.4312900e-01
  -2.8996355e-01  -1.2803671e-01
  -5.4542808e-01   2.1710485e-01
  -3.4658146e+00   1.5249620e-01
  -3.0395892e+00   3.1216233e-01
  -3.5731728e-01   2.0446604e-01
  -7.7127276e-01   2.4493034e-01
  -3.1516259e-02   7.2976781e-02
  -2.5991940e+00   1.5928498e-01
   1.0409803e+01  -1.2904863e+01
  -1.7836650e+00  -2.3928463e-01
   1.8904620e+00   4.9451612e-01
  -1.8021495e+00   2.3614382e-01
   9.8428574e-01  -2.3684219e-02
  -6.4861223e+00   2.9915839e-01
  -2.4965918e+00   2.6044351e-01
  -1.0427368e+00   2.3924616e-01
  -2.5314304e+00   3.2195180e-01
   2.8040269e-01   1.2254570e-01
  -2.9785053e+00   3.9415342e-01
  -3.3065074e+00   8.2666868e-02
  -4.8674878e+00   6.8120529e-01
  -7.1292251e-01   6.2406516e-01
  -9.8800173e-01   2.1315976e-01
  -2.8649763e+00  -2.4256643e-01
  -5.3309797e-01   3.6208990e-02
   2.2337175e-01   3.3131521e-01
   3.6525008e-01  -1.3291507e-02
  -3.2227880e+00   1.5285286e-01
   5.5490606e-01   4.8893883e-01
  -4.7412342e-01   2.7582112e-01
  -1.4277250e+00   9.9514741e-02
  -3.3998666e+00   3.3461866e-01
  -9.4738289e-01   2.9132050e-02
  -1.5845974e+00  -4.5466750e-01
  -2.8305940e+00   8.7799315e-02
  -2.2750485e+00  -1.3366280e-01
  -3.4675928e-01   2.4581327e-01
  -2.6005541e+00   5.8234934e-01
  -4.3382860e-01   1.9524968e-01
  -1.5333710e-01   5.3441829e-01
   4.9622294e-01   3.1484985e-01
   4.7922005e-01   3.5173084e-01
  -9.3490116e-01  -2.5465747e-02
  -2.7617404e+00   1.1684031e-01
  -4.0272436e+00   5.1332812e-01
  -4.8036638e+00   3.0518889e-01
  -6.6503850e-01   3.0459366e-01
  -1.0460415e-01   3.9126940e-01
  -2.9040561e+00   2.2578183e-01
  -3.5799503e+00   8.5505573e-02
   7.9850245e-02   1.2144555e-01
   1.4286504e+00   2.4310615e-02
  -4.3976064e-01   6.4768001e-01
  -3.0887532e+00   8.5756735e-01
  -4.0006867e+00   2.9148726e-01
  -2.5720137e+00   1.2109254e-01
  -2.1971070e+00   4.7039149e-01
  -2.7214846e+00  -6.2328359e-04
  -2.8816000e+00   3.9740783e-01
  -1.6400563e+00   7.1258208e-01
   2.3067439e-01   3.1194993e-01
  -1.9208258e+00   3.2281394e-01
  -2.6909165e+00   1.2117408e-01
  -2.5342259e+00   1.3807975e-01
  -5.3318809e-01   2.2345150e-01
  -2.8934983e-01   2.9622774e-01
  -1.3116844e+00   9.8968240e-01
  -1.4578461e+00   1.7393475e-01
   1.1613837e+00   3.7602133e-01
   7.4778424e-02   2.2509685e-01
  -3.1381514e+00   4.8439751e-01
  -2.5599479e+00   5.9591080e-01
  -1.5591048e+00  -2.8217776e-02
   1.1611793e+00   9.6143419e-02
  -2.5444871e+00   1.3939727e-01
   6.8281379e-02   3.0999381e-01
  -1.3371962e+00   3.2464041e-01
  -3.3563180e+00   7.0707631e-03
   2.0215231e+00   3.5124802e-01
   1.3758056e-02  -3.7016534e-01
  -5.0691857e+00   1.2691376e-01
  -7.2493365e-01   1.2156167e-01
   4.7799772e-01   2.7539926e-01
  -3.6642341e+00   2.2835054e-01
  -8.9252549e-01   1.9435502e-01
   1.1176786e+00   3.4185988e-01
  -2.2980738e+00   1.3429630e-01
  -6.8287185e+00   5.6673212e+00
  -1.8796663e+00   2.3082364e-01
   6.4123964e-01   1.1214727e-01
  -3.5351622e+00   1.8163100e-01
   1.8393086e+00   2.3158861e-01
  -3.1075249e+00   2.4269010e-01
  -4.1805232e+00   1.7811454e-01
  -3.8893638e+00   4.0261181e-01
  -2.3080278e+00   2.2834887e-01
  -1.3924403e+00   2.4489759e-01
   3.8264787e-01   2.5309008e-01
   7.4180944e-02   9.3597527e-02
   1.5447674e+00   4.0252485e-01
  -2.5010387e+00   2.9649916e-01
  -1.8354155e+00   5.0038929e-01
  -1.6163367e+00  -1.3080679e-01
  -2.7577614e+00   4.6268993e-01
  -1.7279933e+00   3.6528143e-01
  -4.7305599e+00   3.5586046e-01
  -3.4503941e+00   3.3432929e-01
  -4.0800518e+00   4.0246651e-01
  -3.1961889e+00   3.2536762e-01
  -4.0400354e+00   8.2264904e-03
  -1.1957497e+00   7.6399550e-02
  -5.7036690e+00   1.6575606e-01
  -4.1022200e+00   3.4947879e-01
  -1.1517864e+00   4.2662370e-01
  -1.1727356e+00  -1.3812156e-01
  -1.1713000e+00   3.2955957e-01
  -5.3414848e-01   2.9902859e-01
  -1.9365754e+00   3.3944449e-01
  -9.3971460e-01   2.0790573e-01
  -1.9844250e+00   2.0288953e-01
  -1.7115425e+00   4.2906855e-01
   8.7966585e-01   4.4382542e-01
  -1.6743299e+00   2.7311166e-01
  -1.1003372e+00   5.4400025e-01
  -2.6415232e+00  -2.5646171e-02
  -2.8509273e+00   4.1829999e-01
  -4.1980377e+00   2.9741812e-01
   1.3608904e-01   3.9684542e-01
  -3.2985326e+00   1.2362119e-01
   6.3766888e-01   5.1866059e-01
  -2.3731397e+00   1.3344914e-02
  -2.3066240e+00  -5.0332720e-02
  -4.6176243e-02   1.3256563e-01
  -3.5961846e+00   5.0425638e-02
  -2.2250231e+00   2.5133711e-01
   4.3064007e-02   2.3797066e-01
  -6.4350546e-02  -6.0698654e-02
  -3.8655925e+00   2.8637620e-01
  -1.3056156e+00   3.9038332e-01
  -3.2537554e+00   3.4085213e-01
  -4.5369969e+00   1.1347953e-01
  -3.4048401e-01   3.9671377e-01
  -3.7720824e+00   2.3289574e-01
  -1.1368423e+00  -3.5543609e-01
   1.2688093e+00   3.0489759e-01
  -1.2419061e+00   3.8669570e-01
  -1.3193158e+00   3.3302390e-01
  -2.4569332e-01   1.6911570e-01
  -3.7203503e-03   9.4827184e-02
  -3.5835704e+00   2.8469904e-03
   4.6100962e-01   2.5374065e-01
  -3.1750599e+00   4.6202021e-01
  -3.1123537e+00   2.8068577e-01
  -2.5968902e+00   3.4526333e-01
  -1.7552979e+00  -4.3589184e-02
   1.5175410e+00   1.4977502e-01
  -1.8615865e+00   9.7298219e-02
  -1.7051679e+00  -1.5278370e-01
  -1.0086368e+00   3.7236372e-01
  -1.2112051e+00   1.6446776e-01
  -5.4664909e-01   1.5546403e-01
   1.1808692e+00  -4.9690906e-01
  -1.6128530e+00   3.4048699e-01
  -3.5630622e+00   1.4824048e-01
  -1.3854437e+00   2.5816937e-02
  -3.2491352e+00  -2.8625139e-03
  -2.3044913e+00   3.9648884e-01
   2.0907652e+00   4.5910535e-01
  -1.8997097e+00  -1.0234773e-01
  -3.1342732e+00   3.2594192e-01
  -4.5381708e+00   3.0403439e-01
  -3.6788428e+00   4.4147586e-01
  -2.4997786e+00   2.7571264e-01
  -6.6437778e-01   2.5596804e-01
   1.4966876e+00   4.5443772e-01
  -9.6080325e-01   4.2501065e-01
  -3.4347701e-01  -1.6221762e+00
  -1.6783388e+00   5.0668999e-01
  -1.6517921e+00   1.2940171e-01
  -3.0222094e+00   2.2347697e-01
  -9.8359415e-01   1.5593018e-01
  -1.6151555e+00   1.2830770e-01
  -2.4139189e+00  -1.6914467e-01
  -2.5282553e+00   2.6432360e-01
   3.2921699e-01   1.6228696e-01
  -4.6521475e+00   4.7691341e-01
  -4.2636057e-02   4.0067876e-01
  -2.9264728e+00   7.9040362e-02
  -2.9801086e+00   3.4664171e-01
  -1.1882523e+00   5.4291500e-01
  -2.1301178e+00   4.4907941e-01
  -7.0367419e-01   1.1045782e-01
   2.2578171e-02   5.4568930e-01
  -4.5780212e+00   8.3441994e-02
  -1.5402374e+00   3.0100884e-01
  -1.3022287e+00   1.3826708e-02
  -2.3612142e+00   6.3597872e-02
  -3.6302143e+00   2.9535490e-01
  -2.4111266e+00   1.0667424e-01
  -2.9612994e+00   4.2182641e-01
   1.6428070e+00   7.3128464e-02
  -2.8191139e+00   3.2230519e-01
  -1.5545629e+00  -9.0137772e-03
  -2.9753679e+00   4.7210047e-01
  -3.0049757e+00   5.4801805e-01
   1.4544452e+00   4.9709843e-01
  -1.6875970e+00   1.3572549e-01
  -2.3981901e+00   2.7644890e-01
   2.0492178e+00   2.8238754e-01
  -2.2417942e+00   4.4435742e-01
  -4.0404312e+00   1.7205923e-01
  -3.1514158e+00   2.5822723e-01
  -3.2501802e+00   4.2144001e-01
  -2.4477061e+00   5.1607502e-01
  -1.9486957e+00  -8.4761239e-03
  -1.3948628e+00   1.8620288e-01
   9.3790048e-01   1.5737503e-01
  -2.8119265e+00   2.9966185e-01
  -4.1474652e-01   4.1712025e-01
  -2.2229548e-01   4.6248087e-01
   2.8938361e-01   1.2135926e-02
  -2.3321610e+00   3.5285338e-01
  -7.3138016e-01  -1.1447839e-01
   5.4259115e-01   5.9695409e-01
  -1.6067882e+00   5.4172315e-01
  -1.4092521e+00   2.1015022e-01
  -2.0232918e+00  -1.1883936e-01
  -1.1345782e+00   1.6827238e-01
  -8.9521091e-01   2.0129324e-01
  -2.1251810e+00   5.4826927e-02
  -1.3609639e+00   4.0138341e-01
  -2.0402238e+00   4.3154148e-01
  -4.5832120e-01  -3.1890634e-01
  -3.9943417e-01  -6.6201598e-02
  -2.6137473e+00   2.0974458e-01
  -1.6302320e+00  -1.2207955e-01
  -2.1722317e+00  -5.5817906e-02
  -7.8744805e-01   3.1029771e-01
  -4.4253398e+00   1.8456984e-01
  -1.8274660e+00   1.1384629e-01
   2.1134898e+00   3.5391817e-01
  -5.7978793e-01   3.6833102e-01
  -2.7736355e+00   1.1201199e-01
  -1.0678372e+00   1.2111342e-01
  -1.1736681e+00   3.2699756e-02
  -1.2898314e+00   5.0288403e-01
  -1.4622709e-01  -1.1201139e-03
  -2.3415171e+00   3.6790403e-01
  -2.9764372e+00   4.2916805e-01
  -3.2295674e+00   3.6460648e-01
   1.3240380e-01   4.0473762e-01
  -1.8104436e+00   6.9444171e-02
  -1.0534636e+00   2.7373103e-01
  -2.9277170e+00   2.3141593e-02
  -2.8376260e+00   3.3856009e-01
  -1.5105928e+00   2.9667069e-01
  -1.5312591e+00   2.0450397e-01
  -3.4471935e-01  -2.9762419e-02
  -3.2879542e+00   4.0474494e-01
  -2.7859014e+00   4.9822246e-01
  -2.5997909e+00   1.0128606e-01
  -1.6711704e-01   1.0803731e-01
  -9.1277787e-01  -1.1930674e-01
  -1.7919996e+00  -4.8785903e-02
  -1.4278789e+00   4.9823470e-01
  -1.1532416e+00   1.2025361e-01
  -4.3861088e-01   3.5968188e-01
  -4.2234930e+00   9.0089892e-02
  -2.8126372e+00   4.8866002e-01
  -1.1618029e+00  -4.9318894e-01
  -2.5478713e+00   4.6016949e-01
  -2.9955378e+00   1.9107535e-01
  -1.9214863e+00   3.4498474e-01
  -3.3167698e+00   5.4104148e-01
  -1.9052019e+00  -5.8460686e-02
  -1.9368916e+00   3.4399237e-01
  -1.1592903e+00   1.1033392e-01
  -2.1652535e+00   4.4167586e-01
  -1.9393304e+00   4.7915018e-01
  -9.1996515e-01   1.5513296e-01
   3.8981549e-01   1.5916144e-01
   1.3210964e+00  -7.2964377e-02
  -4.2659335e-01   2.9457068e-02
  -5.4639721e+00   1.8940453e-01
  -3.1710032e+00   2.4841920e-01
  -2.7567318e+00  -8.6484098e-02
  -1.2449535e+00   5.2637015e-01
  -1.4838445e+00   4.2577814e-01
   1.4536062e-01   5.9707570e-01
  -5.1892513e-01   1.3164917e-01
  -4.4077701e+00   4.8638726e-01
  -1.3572636e+00   3.7444707e-01
  -2.8786848e+00   3.4865721e-01
  -2.1007674e+00   3.7967669e-01
  -3.4237617e+00   2.4796258e-01
  -4.9165442e+00   9.6436866e-01
  -1.8131418e+00  -4.2458115e-02
  -2.1008231e+00   1.8769480e-01
  -2.9347407e+00   3.4640118e-01
  -1.6656440e+00   5.6257599e-02
   6.2446923e-01  -1.3921575e-01
  -1.3391326e+00   4.5061460e-01
   7.7179504e-01   1.0382272e-02
  -2.6355309e+00   6.7999636e-01
  -2.4468305e+00   2.6559662e-01
  -4.5549563e+00   2.9471144e-01
   2.1913684e-01   1.7380172e-01
  -1.4023160e+00   4.3758626e-01
  -4.2128881e+00   2.1883571e-01
  -6.6328557e-01   1.0906786e-02
  -6.7723310e-01   1.7385042e-01
   7.8928405e-01   3.7045655e-01
  -6.4500862e-01   3.2737080e-01
   8.6253515e-01  -6.4614775e-03
  -9.1493926e-01   4.2063552e-01
  -1.1269998e+00   3.3974177e-01
  -1.1080009e+00   4.1930520e-01
  -2.2139517e+00   3.4175912e-01
  -1.0496846e+00   5.2746634e-01
  -5.4147550e-01  -2.5145393e-02
  -2.1434687e+00   3.5157460e-01
  -1.8422427e+00   3.3562336e-01
  -5.4012673e-01   7.7678024e-02
  -4.4122840e-01   1.0249100e-01
  -3.5556686e+00   3.1120444e-01
  -3.8841937e-01  -2.1109762e-02
  -5.0762990e-01  -3.7971741e-02
  -1.0596677e+00   1.5405032e-01
  -2.6595725e+00   2.1071415e-01
  -1.9174322e+00   1.4713931e-01
   7.3043381e-02   6.4764723e-01
  -1.9760585e+00   6.0753523e-02
   1.2983604e-01  -6.0058804e-02
  -6.8017943e+00   9.0047438e-02
  -2.7158541e+00   2.1523944e-01
  -1.0408314e+00   2.7301684e-01
  -1.9311065e+00   5.2718775e-01
  -2.4185963e+00   4.4136626e-01
  -5.8134446e+00   5.4325669e-01
  -2.7819509e+00   2.8838665e-01
   4.5033570e-01   1.8151617e-01
  -3.4598452e+00   9.7405726e-02
   4.7842098e-01   5.1287114e-01
  -2.2025705e+00   1.7776860e-01
  -1.8756317e+00   1.7194738e-01
  -4.8438380e+00  -1.8447709e-02
   9.1110230e-01   3.2961634e-01
  -1.9785829e+00   6.4150110e-02
  -5.3420907e+00   7.3829746e-01
  -2.5223553e+00   5.1982004e-01
  -6.6250003e-01  -1.0145225e-02
  -9.3389653e-01   3.6739697e-01
  -1.0041791e+00   4.0052849e-01
  -1.1537111e+00   6.7646250e-01
  -4.9540009e+00   3.2639824e-01
  -2.0393195e+00   4.7240169e-01
  -2.6395038e+00   2.6794540e-01
   1.3937323e+00   9.7244314e-02
  -1.2028635e+00   2.6759746e-01
  -2.3917957e+00   1.1178714e-01
  -5.1052853e+00   4.9037772e-01
  -7.7410219e-01   1.0104072e-01
   3.4154209e-01   5.5422551e-01
  -2.8488516e+00  -2.1513981e-01
  -1.4565555e+00   4.4685691e-01
  -1.0858696e+00   3.4255731e-01
  -2.6089854e+00   2.9402303e-01
  -1.7072706e+00   8.5805249e-02
  -2.8787996e+00   7.4157480e-02
  -2.0504169e+00  -5.5248902e-02
   1.9673017e+00   3.2543572e-01
  -1.1931548e+00   5.2606999e-01
  -2.9320020e+00   2.6626429e-01
  -2.3645276e+00   4.9056240e-01
   1.3644038e+00   2.7312348e-01
  -3.7441262e+00   2.5998863e-01
  -1.9116212e+00   2.6147286e-01
  -3.2975894e-01  -3.2175048e-02
  -2.5314727e+00   3.3787407e-01
  -1.9341039e+00   2.1718540e-01
   2.0738545e+00  -7.6510435e-02
  -7.5393866e-01   2.1236688e-01
  -3.4033390e+00   4.1224440e-01
  -1.3206306e+00   2.3962046e-02
  -3.9839073e+00   1.1332301e-01
  -1.1022618e+00   3.0160289e-01
  -1.6308508e+00   7.7490191e-02
  -2.2705818e+00  -9.8444810e-03
  -2.7098961e+00   4.5767346e-01
  -9.4054840e-01   3.0924218e-01
  -7.0975625e-01   7.0569666e-02
  -3.0431443e+00   5.7352085e-02
  -2.1430824e+00   7.0853034e-02
  -4.7825251e+00   6.2788726e-02
  -2.5490461e+00   2.3859245e-01
   1.8704622e+00   4.3093802e-01
  -1.7531528e+00   6.6525848e-02
   6.4488034e-01  -2.7786998e-02
  -9.9389203e-01   9.3900778e-02
  -3.3143921e+00  -7.6706129e-02
  -4.1040214e+00   1.5408029e-01
  -5.0621962e+00   1.2412579e-01
  -1.6144563e-01   2.0236162e-01
  -1.0166685e+00   2.8884279e-01
  -1.9819467e+00   4.0922436e-01
  -1.2079298e+00   2.9260067e-01
  -1.4732945e+00   6.0899269e-01
  -1.2010612e+00   2.3372608e-01
  -3.3452501e+00   6.5696273e-01
  -1.7317127e+00  -1.8585592e-01
   4.5077403e-01   6.5425483e-01
  -9.7574615e-01   6.8066748e-01
  -2.4665714e+00   2.1778320e-01
  -2.0020394e+00  -2.1054045e-02
  -4.0125548e+00   1.0024231e-01
  -1.9724115e+00   2.0224446e-01
  -1.9220675e+00  -1.2872705e-01
  -5.2715072e+00   2.1172798e-01
  -2.4270080e+00   2.2974569e-02
   4.8056756e-01   1.5385277e-01
  -1.9554737e+00   1.4654516e-01
  -2.6940691e+00   2.6203414e-01
  -3.5448371e+00  -1.4504727e-02
  -5.5055239e-01  -7.1236869e-03
  -3.1512923e+00   1.7354466e-01
  -1.6989577e+00   2.0191449e-01
  -4.7405834e+00   3.8115204e-01
  -9.3212574e-01  -2.9251353e-01
  -1.9543699e+00   2.6924657e-01
  -2.1846159e+00  -1.9438647e-02
  -3.1578513e+00   1.5581816e-01
  -1.3179937e+00   5.2790192e-01
  -2.4021994e+00   8.0145926e-02
  -6.4035151e-01  -1.6881943e-01
  -3.3163942e+00   1.6193776e-01
  -4.4162771e+00   2.9063258e-01
  -2.6030078e+00   4.3990076e-01
   1.5939724e+00  -6.1216142e-01
  -4.8208645e+00   5.5896435e-01
  -6.4128773e-01   8.3722836e-02
  -2.8347423e+00   1.3726977e-01
  -5.3975833e-02   1.9605389e-01
  -4.6244515e+00   3.2035228e-01
  -1.3763001e+00   2.1505381e-01
  -7.9600906e-01   4.5776496e-01
   5.8317695e-01   6.2689705e-01
  -1.1658483e-01   3.6498863e-01
  -2.5337645e+00   2.5413779e-01
   1.1990487e+00   3.7145457e-01
  -1.5252965e+00   6.4889864e-02
  -2.6138668e+00   2.0928968e-01
  -4.9883974e+00   6.3717184e-01
  -3.9019283e+00   2.0277828e-01
  -3.6243408e+00   1.5951275e-01
  -3.0829243e-01   3.2435295e-01
  -1.5769791e+00   5.8051260e-01
   7.9284883e-01   4.2024788e-01
   8.2261278e-01   6.9624354e-02
  -4.8112162e+00   4.4860190e-01
  -2.0749482e+00   5.4492096e-01
  -2.5846093e+00  -1.2314323e-01
   1.2878982e+00   2.5443983e-01
  -2.1546709e+00   4.5545757e-01
  -7.1800660e-01   5.8668499e-01
  -3.9326076e-02   8.9008935e-02
  -3.7708605e+00   1.9123730e-01
  -3.2814479e+00   5.1888128e-01
  -1.9953540e+00   6.6655684e-01
  -1.2862295e+00   2.4242415e-01
  -1.0700819e+00   1.2876846e-01
   1.6345240e+00   3.3975218e-01
  -5.0627856e-01   3.2160401e-01
  -2.2051275e+00  -1.1166001e-02
   2.3727541e+00  -6.0068356e-01
  -2.3697802e+00   1.1275236e-01
  -2.4241629e+00   2.9109570e-01
  -9.1518629e-01  -1.8968566e-02
  -1.2879596e+00   3.9847176e-01
   3.5998407e-01   2.4863472e-01
   5.8857632e-01   4.2772843e-01
   4.1267596e-01   3.6799812e-01
  -3.5957578e-01  -6.8995432e-02
  -4.3711219e-02   2.8631650e-01
  -1.1870053e+00   5.2879963e-03
  -2.1608485e+00   1.4862157e-01
   8.2565622e-01   3.6073404e-01
   1.1211063e+00   2.1001114e-01
  -4.5603430e-01   3.3476884e-01
  -1.7380497e+00   1.8698214e-01
  -4.6128189e+00   2.0490980e-01
   1.2298386e+00   3.6200053e-01
  -9.3885829e-01   8.4743605e-02
  -2.7861114e+00   2.6265210e-01
  -4.0905076e-03  -2.4020062e-01
  -3.6951934e+00   1.1724981e-01
  -1.3602066e+00   3.0738907e-01
   2.4268214e-01   2.3069280e-01
  -2.6140611e+00   2.8612918e-01
  -3.1018644e+00   5.3521341e-02
  -2.3256517e+00   3.4699527e-01
  -4.6402079e+00   2.7414138e-01
  -2.8881500e-01   3.5822255e-01
   3.4877370e-01   2.6830807e-01
   3.1594725e-01   4.8984834e-01
   3.6741876e-02   3.5330562e-01
  -3.7870259e-01   1.9374460e-01
  -3.1041105e+00   3.9655568e-01
  -4.8895062e-01   1.5720475e-01
  -1.4125468e+00   4.0997980e-01
  -6.1948852e-01  -2.5323127e-01
  -1.4161307e+00   3.2099665e-01
  -3.4795631e-01  -3.4011317e-02
  -1.6584315e+00   3.8499546e-02
  -2.5161158e+00   6.3544963e-01
  -1.6140154e+00  -1.6778674e-02
  -1.9332905e+00   1.0601771e-01
  -1.7961579e+00   1.5738071e-01
  -3.3151564e+00   2.2321147e-01
  -1.4970645e+00   3.4525245e-01
  -2.2853126e+00   4.2764939e-01
  -5.8867581e-01   2.7265199e-01
   2.0720043e+00   3.3479060e-01
  -1.0652619e+00   1.3874780e-01
  -1.5337993e+00   3.3132711e-01
  -1.0201645e+00   2.4578444e-01
  -8.7485751e-01  -6.4222647e-02
  -2.2890153e+00   3.1592153e-01
  -3.6823109e+00   3.9659531e-01
  -4.4571283e+00   1.5674283e-01
  -5.1986675e-01  -2.6953632e-02
   2.1654180e+00   2.0251199e-01
   9.3961185e-02  -1.2836445e-01
  -4.3517720e+00   2.4008970e-01
  -2.0009815e+00   4.0088583e-01
  -4.6493476e+00   8.1089319e-02
  -1.3512915e+00   1.8356121e-01
  -1.4198414e+00   4.0940971e-01
  -1.1822715e+00   4.7905476e-02
  -7.7061058e-01   5.0375152e-01
  -3.5985623e+00  -7.4665434e-02
  -1.5071087e+00  -4.9967452e-02
  -2.5587642e-01   2.5306606e-01
  -1.3257523e+00   2.6727363e-01
   3.1594827e-02   1.6607512e-01
   8.6852229e-01   3.4795284e-01
  -2.5037489e+00   4.2269953e-01
  -9.7971544e-01   2.1484762e-01
  -2.8372161e+00   6.9603088e-01
  -2.8074168e+00   1.0919468e-01
  -2.3442012e+00   1.9227540e-01
  -1.5948651e+00   3.1005313e-01
  -1.1889622e+00   5.3594098e-01
  -3.7427562e+00   3.8889836e-01
  -1.3809907e-01   6.3850111e-01
  -1.7785555e+00   4.5595859e-01
  -2.8110530e+00  -1.4624023e-02
  -3.3232716e+00   1.9697553e-01
  -3.3357099e+00   3.1871387e-01
  -1.4176345e+00   2.4618210e-01
   2.0373352e+00  -1.1938248e-01
   1.1712418e+00  -1.3447659e-01
  -3.1268759e+00   5.4120450e-01
  -7.7986235e-01  -7.5749297e-02
  -1.0011365e+00   1.8865326e-01
  -1.6961653e+00   5.7536129e-01
  -1.2729525e+00   2.5732920e-01
  -2.9559058e+00  -4.1576495e-02
  -6.3193777e-03   1.9389994e-02
  -3.0261168e+00   7.6110579e-02
  -2.5574334e+00   1.2857766e-01
  -4.6893596e-01   3.8896300e-01
  -7.3132323e-01   5.3532159e-01
  -9.6358848e-01   1.3021163e-01
  -3.1958893e+00  -3.4156645e-02
  -1.8425034e+00  -2.8853519e-01
  -1.1101456e+00  -7.5378373e-02
  -2.3362805e+00   1.6091290e-02
  -1.3395455e-01   4.0068123e-01
   1.2406205e+00  -3.7342354e-02
  -8.2713763e-01   5.2991524e-01
  -1.0336584e+00   1.4284635e-02
  -6.6303349e-01   4.7096374e-01
  -2.2487512e+00   5.4651909e-01
   7.6504209e-01   4.8376779e-01
  -8.2955659e-01   1.6617869e-01
  -2.4805099e+00   1.8223924e-01
  -2.4897601e+00   3.5287187e-01
  -5.6479788e-01   2.5192734e-01
  -1.7522148e+00   2.2624807e-01
  -2.1364490e+00   3.8581320e-01
  -1.3275386e+00   4.8550634e-01
  -2.6429343e+00   4.5672630e-01
  -9.5274669e-01   4.6667956e-02
  -8.9221561e-01   6.2706598e-01
  -3.2245373e+00   2.3708239e-01
   2.4453155e-01   7.9147572e-02
  -1.6563760e+00   3.3894948e-01
  -9.6631603e-01   8.4627304e-01
  -2.6629553e-01   4.9597543e-01
  -2.8819405e+00   7.7443022e-01
  -3.2356756e+00   5.9670928e-01
  -1.3572036e+00   7.5131264e-01
  -3.9482965e-01  -5.5983783e-01
  -1.4123679e+00   2.7436586e-01
  -4.8985836e+00   2.4649917e-01
   5.9111236e-01   3.1795106e-01
  -3.4512789e+00   2.7144544e-01
  -4.8096759e+00   4.3248827e-01
  -8.1370956e-01   2.9013587e-01
   1.0030020e-01   2.9837538e-01
   5.6539419e-01   5.8147056e-01
  -5.1389642e+00   7.0585053e-01
  -9.4420345e-01   2.3682473e-01
  -6.5456168e-01   2.3976151e-01
   1.2413410e+00   3.9076211e-01
  -3.2570462e+00   1.9562584e-01
  -1.8086133e+00  -4.1874047e-02
  -2.1922824e+00   4.1140965e-01
  -3.4787066e+00   3.7796065e-01
  -2.4611413e+00   1.5038177e-01
   5.6930209e-01   4.1318898e-01
  -3.4672575e+00   2.5784998e-01
  -3.8231636e+00   4.8665901e-01
  -2.5657434e+00   2.7454092e-01
  -2.9338443e+00   6.1256358e-02
  -1.7777544e+00   4.3187497e-01
  -1.5498500e+00   6.4098775e-01
  -9.5118365e-01   2.2640318e-01
  -1.8464885e-01   2.4416589e-01
   6.3883034e-01   4.6843922e-01
  -2.2175794e+00   5.7256713e-01
  -2.0068082e+00   5.9022505e-01
  -2.1273129e+00   3.9430373e-01
  -1.6025148e+00   2.3955699e+00
  -1.0293076e+00   5.6647215e-02
  -2.2792592e+00  -7.9201604e-02
  -2.3124455e+00   1.8868776e-01
  -1.3557351e+00   2.1532798e-01
  -1.1372836e+00   1.0084472e-01
  -4.8098103e-01   9.2638458e-02
  -2.4195756e+00   4.1959110e-01
  -3.6705219e+00   3.3251503e-01
  -1.3300223e+00   2.6651401e-01
  -1.2390776e+00   4.2444707e-02
  -2.2003724e+00  -1.1964324e-02
  -1.2424617e+00   1.2186034e-01
  -4.0373382e+00   1.2431708e-01
  -1.1383434e+00   3.2691777e-01
   5.8828458e-01  -1.1288020e-01
  -2.2536006e+00   4.0390409e-01
  -4.3501205e+00   4.7892025e-01
  -2.3703720e+00  -1.7537586e-01
  -4.2423690e+00   2.2211771e-01
  -3.0447710e+00   2.3492662e-01
  -1.8981538e+00   3.2746021e-01
  -9.2914659e-01   4.3955573e-01
  -1.9939297e-01   6.1271243e-01
  -3.3919017e+00   3.0392805e-02
  -1.5302486e+00   4.0223961e-01
  -1.7777618e+00   1.8725701e-01
  -1.1254618e+00   2.0559372e-01
  -2.2782790e+00   2.9610155e-01
  -1.6302797e+00   3.3164022e-01
  -1.9553969e+00   2.2793806e-01
  -7.5673046e-01   1.9025915e-01
  -3.4634551e+00   3.2782602e-01
  -1.9462222e+00   1.8846122e-02
   1.8685118e+00   9.2944514e-02
   1.9083454e-01  -2.3123495e-01
  -1.9171397e+00   1.1619898e-02
  -1.1260921e+00   1.5504114e-01
  -5.9091917e-01   3.0329728e-01
  -6.2792138e-01   1.3754592e-01
  -2.3662115e+00   3.1889671e-01
  -2.9692429e+00   1.9924084e-01
  -4.2528440e+00   3.0361720e-01
  -3.7772449e+00   1.1510536e-01
  -2.1885726e+00   5.4235768e-01
   5.0953010e-01   1.6951759e-01
  -4.7825787e+00   1.3543150e-01
  -2.7991477e+00   3.9761523e-01
  -3.6726410e+00   6.5844362e-02
  -1.0258795e+00   1.2984506e-01
   9.6871514e-01   5.8206325e-01
  -6.2079806e-01   2.9771057e-01
  -2.1403151e+00   1.8841861e-01
  -1.4694260e+00  -5.0271518e-02
   6.6871584e-01   3.1291291e-01
  -9.7968159e-01   2.7259241e-01
  -2.8676587e+00   3.7290700e-01
  -1.9058297e+00   1.7801393e-01
  -1.3122540e+00   1.0616044e-01
  -1.4382040e+00   3.5613141e-02
  -3.0792285e+00   1.1373932e-01
  -5.6800760e+00   1.2075127e-01
  -1.5600662e+00   1.2833194e-01
  -2.0516870e+00   2.1106823e-01
  -3.0548265e+00   2.6576770e-01
  -2.1357585e+00   2.2322038e-01
  -2.6137791e+00  -4.1573933e-02
  -2.5968096e+00  -1.2035329e-01
  -2.5865051e-01   7.3862877e-01
  -2.6845734e+00   3.4878629e-01
   1.4077261e+00   4.5408785e-01
  -2.7628945e+00   6.8732113e-01
  -5.0862087e-02   4.9910047e-01
  -1.7461976e+00   5.3023525e-01
  -3.5028869e+00   6.5081656e-01
   6.1471088e-01   2.2647833e-01
  -9.3567170e-01   4.9912903e-01
  -2.1300928e+00   7.7238605e-01
  -1.2842005e+00  -3.5826642e-01
  -2.4380135e+00   5.2972280e-01
   1.6262531e-01   4.5867818e-01
   5.6500043e-01   4.8113722e-01
  -3.3863035e+00   4.6562924e-02
  -1.2503176e+00   5.3876910e-01
  -1.7290301e+00   6.8586231e-02
  -2.2659401e+00   2.3764643e-01
  -6.8160938e-01   1.0850225e+00
   5.5117194e-01   4.4736701e-01
  -7.5750136e-01   4.8867488e-01
   1.4610684e+00   6.7105572e-01
  -1.3406873e+00   3.3454777e-02
  -3.5192613e+00   3.0029579e-01
  -4.5479628e-01   6.1777416e-01
  -5.3615411e-01  -1.4663676e-01
  -2.2149964e+00   2.4283626e-01
  -8.2971317e-01   3.0750290e-01
  -3.5377521e-01   5.4322460e-01
  -1.4416129e+00   5.0840844e-01
  -5.4872820e-01   4.1807504e-01
  -2.4667511e+00   1.8946290e-01
  -4.8444041e-01   1.3171978e-01
  -2.3034673e+00   3.4580801e-01
  -1.0045963e-02  -2.6810623e-02
  -1.8530960e+00   1.1278440e-01
  -1.9042022e+00   3.7569910e-01
  -9.0322186e-01   4.5124146e-01
  -1.6257359e+00   6.5970635e-01
  -1.1555039e+00   7.0911556e-01
  -7.0457408e-01   5.9150609e-01
  -4.5424768e+00   6.2670195e-01
  -3.2023446e+00   1.1329605e-01
  -1.7827556e+00   3.5817894e-01
  -9.7786723e-01   2.4058863e-01
  -2.0597293e+00   2.6606877e-01
  -2.8472169e+00  -4.5027652e-02
  -2.0415000e+00   4.8380253e-01
  -3.9506448e-01   1.3727083e-02
  -2.9827966e+00   8.3688951e-02
  -4.5417098e-01   4.3525345e-01
   5.1625715e-01   3.4221352e-01
  -1.0989769e+00   1.6416701e-01
  -1.3719155e+00   2.5172840e-01
  -2.0697031e+00   1.5282158e-01
  -3.5864992e+00  -1.8127837e-01
  -9.7542517e-01   5.2127185e-01
  -2.3949511e+00   2.8325725e-01
  -1.5024387e+00   2.6896044e-01
  -1.5299654e+00   1.1953532e-01
   2.8150877e-01   1.2284661e-01
  -6.6314876e-01   2.3112076e-01
  -1.4611489e+00   2.9396001e-01
   2.3695561e-01   4.2654432e-02
   2.0081902e+00  -7.3045898e-02
  -2.4543163e+00   7.7659065e-02
  -2.5060464e+00   4.5046094e-01
  -6.1822354e-01   2.0909085e-01
  -4.3793477e+00   4.2246458e-01
  -1.0007261e+00   2.6800210e-02
  -1.3688847e+00   4.9811204e-01
  -3.0031773e+00  -8.1357157e-02
  -2.9973184e+00   2.6866340e-01
  -2.0800724e+00   4.0521219e-01
   3.9723263e-01   7.7225213e-01
  -3.9097376e+00   1.9779723e-01
  -4.0674110e+00   6.3066696e-02
  -2.3158441e+00   2.1988341e-01
  -2.7853625e+00   2.2779406e-01
  -3.5468808e+00   3.0269293e-01
   1.5154063e+00   7.1733120e-02
   1.7573940e-01   3.1973627e-01
  -2.1973644e+00   1.1073760e-01
  -2.0691534e+00   4.9912604e-01
  -1.0935235e+00   4.9484142e-01
  -7.6960965e-01   2.4615082e-01
  -1.6809286e+00   6.2692603e-01
  -2.0608639e+00   3.6393953e-01
  -9.5484999e-01   6.1302691e-02
   7.4260961e-01   5.1152060e-01
   1.6426883e+00   3.1521539e-01
   5.5300265e-01  -1.6575753e-01
  -1.2456069e+00   2.7447773e-01
  -2.3006989e-01   2.0851342e-01
  -1.1180405e+00   2.6151964e-01
  -1.6901695e+00   2.7908738e-01
  -1.5764405e+00   1.5374612e-01
  -1.1765322e+00   1.7885529e-01
  -1.2235927e+00   1.7975951e-01
  -2.5151502e+00   5.0810580e-01
  -3.0346052e+00   3.2481736e-01
  -1.5064449e+00   5.9389478e-02
  -2.9744451e+00   2.8105274e-01
  -1.7166874e+00   4.5871405e-01
  -2.3621471e+00   3.5697289e-01
  -6.1488724e+00   2.4913543e-01
  -6.8577126e-01   4.3396291e-01
   1.7334882e+00   1.2409477e-01
  -4.1163005e-01   3.2000884e-01
  -2.6825653e+00   8.6864913e-02
  -1.8544502e+00   1.1398046e-01
  -4.0680793e+00   4.0864943e-01
  -1.0957866e+00   4.1451149e-01
  -2.0375165e+00   3.3671310e-01
  -2.0601471e+00   3.8151265e-01
  -7.8951481e-01   3.8351926e-01
  -3.0999052e-01   5.3071995e-01
   9.6754895e-01   3.5727280e-01
  -3.3898381e+00   2.8144993e-01
  -5.9287345e-01   1.3142535e-01
  -1.5843954e+00  -4.5600615e-02
  -1.3497534e+00   3.8021898e-01
  -1.4873191e+00   4.1210778e-01
  -4.0809213e-01   2.9863951e-01
  -1.8427326e+00   4.5435845e-01
   1.7585021e+00   1.3710822e-01
  -3.5583845e+00   8.0186593e-02
  -9.4966983e-01   5.6245738e-01
  -4.4756635e+00   1.5861451e-01
  -1.5977542e+00   5.0630688e-01
  -1.4420666e+00   3.2658471e-01
  -2.0180305e+00   2.1381269e-01
  -1.3621112e-01   1.4761909e-01
   6.6905860e-01   2.6298139e-01
  -3.6520569e+00   2.0507620e-01
  -1.5747113e+00   2.0904992e-01
  -3.7079960e+00   3.7427988e-01
  -2.9926120e+00   1.7427797e-01
  -2.2099396e+00   3.5786857e-01
  -1.9406815e+00  -5.4538365e-02
  -8.1872261e-01   2.5069263e-01
  -1.4389160e+00   5.2273389e-01
  -1.5930091e+00   1.9663935e-01
  -9.2469618e-01   4.4599458e-01
   4.9562800e-01   4.7483214e-01
  -6.1642583e-02   4.3165389e-01
  -3.2153905e+00   5.2073306e-01
  -2.4878665e+00  -1.3246287e-01
  -3.6189138e+00   4.3525060e-01
  -3.8022722e+00   1.8200468e-01
  -3.4001170e+00   5.5623668e-01
   8.1526672e-01   7.8586751e-01
  -1.9664412e+00   3.0881006e-01
  -9.3214213e-01   8.9277978e-01
  -1.0842037e+00   4.2437892e-01
  -3.5027020e+00   6.3595670e-01
  -2.2778125e+00  -1.6158859e-01
  -3.1731684e+00   1.5563017e-01
  -5.6988997e-01   3.2043081e-01
  -4.3747943e+00   3.4386817e-01
  -6.8173283e-01   2.7000555e-01
   1.8156733e-01   4.4558278e-01
  -2.9866351e+00  -8.1228811e-02
  -2.5901080e+00   5.5673737e-01
  -1.9255091e+00   3.6381374e-01
  -9.0464468e-01   2.1742288e-01
  -2.6930179e+00  -1.6093259e-01
  -1.7711960e+00   1.2925547e-01
  -1.7808014e+00   4.9289646e-01
  -5.8987441e-01   2.9286599e-01
  -1.1531165e+00   2.2770592e-01
  -1.4989867e+00  -1.3299308e-02
  -2.7389979e+00  -1.6170173e-01
  -3.0750605e+00   1.9962469e-01
  -1.4294941e-01  -1.2802780e-01
  -5.1251060e-01   1.3592886e-01
  -6.7433678e-01   2.6094646e-01
   8.5331792e-01   3.4079746e-01
  -3.6073003e+00   9.8672429e-02
  -4.6906530e+00   2.6848086e-02
   1.4273071e+00   1.9357786e-01
  -1.3191244e+00   4.8444198e-02
   2.0165644e+00   3.9372944e-02
  -1.9255828e+00   3.2407362e-01
  -3.5157989e+00   2.1125654e-01
  -1.9367597e+00   1.1224878e-01
  -2.9666629e+00   2.2118665e-01
  -2.8867872e+00   4.0935743e-01
  -1.9878061e+00   4.1734196e-02
  -3.0978887e+00   4.6934222e-01
   8.3344366e-01   1.4446585e-01
  -7.8233842e-01   2.0340194e-01
  -4.9419557e+00   2.8369239e-01
  -2.0536834e+00   3.4331107e-01
  -1.9347368e+00   4.3910739e-01
  -1.0283556e+00   3.1821729e-01
   2.5669687e-01   2.3732646e-01
  -7.5221725e-01   2.6776164e-01
  -2.2247429e+00   4.1454638e-02
  -4.2526618e+00   3.3122969e-01
  -3.7895305e+00   2.4738827e-01
  -5.6722849e-01   1.4745495e-01
  -1.4359534e+00   2.1910832e-01
  -1.0721247e+00   2.7933642e-01
  -3.8402455e+00   3.0209418e-01
  -4.3803073e-01  -2.2540135e-01
   1.8148672e-01   5.1388817e-03
  -5.5743425e-01   6.6443810e-01
   2.5695203e-01   4.9124465e-01
  -1.1968400e+00   1.3548422e-01
  -1.7957505e+00   1.9645554e-01
   8.4609129e-01   2.9293576e-01
  -2.8745729e+00  -9.5274949e-02
  -1.8925569e+00   4.0247243e-01
  -2.6941504e+00   7.7589808e-01
  -1.6011078e+00   8.0840546e-01
  -8.0496280e-01   2.5984559e-01
  -3.8744028e-01   1.8094302e-01
   4.9497753e-01   6.6738590e-01
  -2.1721588e+00   3.9156405e-01
   8.2324591e-01   2.5199357e-01
  -9.8250665e-01   6.8168684e-01
  -2.3264848e+00   3.2514460e-01
  -4.0530955e+00   2.0295531e-01
  -1.0082866e+00   3.9593846e-01
   8.0151233e-01   3.8995651e-01
  -2.6120719e+00   8.3641474e-01
  -8.9109048e-01   1.5110527e-01
  -3.1376027e+00   2.4684124e-01
  -3.0239414e+00   3.2223194e-01
  -3.9409145e+00   3.9706537e-01
  -1.8277911e+00   1.4261964e-01
  -1.5967540e+00   3.3184295e-01
  -2.8534746e+00   3.2071934e-01
  -3.1980200e+00   6.5206204e-02
  -5.9906507e+00   3.0493529e-01
  -1.2165583e+00  -1.1543316e-01
  -1.8277386e+00  -6.9749902e-02
  -2.0516748e+00   1.1901325e-03
  -1.5197789e+00   1.9430111e-01
  -3.3816391e+00   6.0272197e-01
  -3.2210136e+00   5.1978099e-01
  -2.5224557e+00   2.9026353e-01
  -2.4233661e+00   2.8865953e-01
  -1.0996030e+00   7.3315023e-01
  -1.6964967e+00   1.8073182e-01
  -2.0134030e+00   3.0937530e-01
  -2.3121786e+00   2.3567836e-01
  -1.1665812e+00   4.1915055e-02
   3.0913627e-01   2.4188993e-01
  -1.2043704e+00   4.6327262e-01
   1.1580504e+00   9.0152422e-02
   1.9174651e-01   4.2744253e-02
   6.6845980e-02   1.2262360e-01
  -3.0252512e+00   8.5397276e-02
  -1.0813528e+00   2.9447145e-01
  -8.9408558e-01   4.8318173e-02
  -1.0803008e-01   3.7460931e-01
  -3.0696957e+00   5.9273291e-02
  -7.3944972e-01   3.5243716e-01
  -3.3947021e+00   3.2141315e-01
  -2.1147033e+00   1.0124080e-01
