  -1.9889515e+00   2.1620743e-01
  -1.4845224e+00   3.2133744e-01
  -6.3189466e-01   2.6601184e-01
   4.0082960e-01   2.3415682e-02
  -5.8093196e-01   1.4963465e-01
  -9.7865708e-01   3.3834621e-01
  -1.9779914e+00   4.6527290e-01
  -1.2262380e+00   1.5703936e-01
  -2.9887207e+00   2.0193399e-01
  -1.8294566e+00   2.5668384e-01
  -6.3991991e-01   6.8587455e-02
  -1.7586896e+00   1.3072137e-01
  -6.1351875e-01   4.0525162e-01
  -2.4783602e+00  -2.2329386e-02
  -3.9022108e+00   1.1027811e-01
  -4.2650951e+00   5.1612142e-01
   2.5816594e-01   1.7471121e-01
  -5.2942439e+00  -1.1228927e-01
  -1.2270139e+00   1.6335130e-01
  -2.1480158e+00   2.9158726e-02
  -5.4536399e-01   6.7803285e-01
  -2.4734923e+00   1.9696621e-01
  -1.9482733e+00   5.7310533e-01
   8.6970721e-02   1.9110456e-01
  -2.2299567e+00  -7.9719200e-02
  -8.6351932e-01   5.8050870e-01
  -5.9993532e-01   2.4360056e-01
   6.3540341e-01   5.7709165e-01
  -1.8932792e+00   3.3477167e-01
  -1.1013424e+00   6.1931664e-03
   8.4414615e-01   2.6567719e-01
  -2.2171436e+00   9.5104933e-02
  -5.0543476e+00   9.2420342e-02
  -2.1242959e+00   8.0497778e-02
   1.3306576e+00  -8.7642175e-02
  -1.0264150e+00   2.9749819e-01
  -4.3297143e+00   3.7968333e-01
  -2.9767794e+00   3.4165471e-01
  -7.9177676e-01   3.2490327e-01
  -1.2861529e+00   3.9918565e-01
  -3.0599088e+00   5.7178236e-02
  -2.3836365e+00   1.5116565e-01
  -1.6548362e+00   6.5981608e-02
  -2.0562530e+00   4.2768176e-01
  -1.9516502e+00   4.1523373e-01
  -2.2191547e+00   1.8808253e-01
  -1.8431464e+00   9.7521043e-02
  -1.5956416e+00   2.8702490e-01
   1.9472331e-01   2.7789055e-01
  -1.2385359e+00   2.2796322e-01
  -5.7473954e-02   8.5990295e-02
  -3.9018582e+00   3.3021481e-01
  -1.6220819e+00   6.8254432e-02
  -3.2154983e+00   2.0669281e-01
   1.3117717e+00   2.1354400e-01
  -5.4319766e+00   3.3835499e-01
  -2.7191665e+00   1.2354493e-01
  -2.7882719e+00   2.9331448e-02
  -1.7969048e+00   9.8129765e-02
  -9.9552346e-01   4.4606044e-01
  -2.4420985e+00   3.5204723e-01
  -2.8454294e+00   1.9145475e-01
  -4.0080598e+00   5.2646495e-01
  -2.2211968e+00   7.0292564e-02
  -3.1425817e+00   5.8223057e-02
   1.7119201e-01  -3.9869199e-02
  -1.9054487e+00   3.4542198e-01
   5.6000294e-01   5.4577280e-01
  -1.9790469e+00  -7.0435209e-02
  -1.3829471e+00   2.7784600e-01
  -1.3055127e+00   2.9255572e-01
  -1.4651339e+00  -1.2296743e-02
  -1.5025713e+00   4.0376927e-01
  -3.7368320e-01  -6.3111476e-02
   2.0156510e-04   2.8885445e-01
  -1.8523684e+00   1.5010486e-01
  -1.3290156e+00   2.7447556e-01
  -3.4594422e+00   1.4552159e-01
   1.3382779e+00   2.8815352e-01
   6.3390834e-01  -1.0706205e-01
  -2.3553017e+00   2.4588736e-01
  -2.9066651e+00   1.3636129e-01
  -2.4764993e+00   4.7026775e-01
  -2.4148220e+00   4.1008203e-01
  -4.1153710e+00   3.1249284e-01
  -2.8185027e+00   4.7465516e-01
  -2.6435488e+00  -2.0588939e-02
  -1.1374457e+00   3.8893797e-01
  -1.0559642e+00   1.4019563e-01
  -1.6180205e+00   1.4768400e-01
  -2.8792175e+00   3.1490595e-02
   1.0970993e+00   4.7143885e-01
   8.5504086e-01   1.2318055e-01
  -2.4461348e+00   4.4093440e-01
   4.2008975e-02   7.2097553e-02
  -2.0185203e+00   5.0450393e-01
  -1.9956152e+00   5.7644687e-02
  -3.3436103e-01  -9.8139481e-03
  -2.8270500e+00   2.3504268e-01
  -1.9846340e+00  -5.5891240e-02
  -2.5150544e+00   2.2931428e-01
  -6.8003481e-01  -9.7741213e-02
  -2.9735488e+00   2.1401832e-01
  -5.5542183e-01   5.5696883e-01
  -2.4445314e+00   6.9116053e-02
  -1.7773229e+00   1.6702603e-01
   6.2026387e-02   8.0242152e-01
  -2.5753913e+00   3.2698835e-01
  -3.9469737e+00   4.4002118e-01
  -1.3836395e+00   2.1803077e-01
   1.3634802e+00  -2.2770792e-01
  -2.4359923e+00   2.4047465e-01
  -3.7792030e+00   9.5675288e-02
  -2.2822455e+00   1.0438228e-01
  -5.5247146e+00   5.6514451e-02
  -2.6875037e+00   2.7121020e-01
  -2.8078070e+00   4.2452278e-01
   8.1813755e+01  -8.5905726e+01
   7.3882825e-01   1.4388781e-01
   2.9627878e+00   1.5945221e-01
  -4.4097222e-01   3.0177807e-01
  -2.5780093e+00   6.9335667e-01
  -1.2031870e+00   2.1042607e-01
  -1.8498769e+00   3.3200171e-02
  -2.0501665e+00   1.9109007e-02
   6.5679516e-01  -1.3912809e-01
   3.3420389e-01   2.6001377e-01
  -1.9230897e+00   2.7480106e-01
   5.5030967e-01   4.1678473e-01
  -7.4522429e-01   2.3924330e-01
  -1.1261708e+00   3.6927969e-01
  -2.6348159e+00   2.7378449e-01
  -3.3925376e+00   2.5928400e-01
  -4.2705035e+00  -3.7586786e-02
  -1.0281668e+00   1.9285174e-01
  -1.6078019e+00   3.8172087e-01
  -1.8308591e+00   1.5637837e-01
  -1.9132222e+00   3.1997256e-01
  -1.6030162e+00   8.8902413e-02
  -1.3023283e+00   1.4155550e-01
   3.8180759e-01   2.0032916e-01
   7.8228538e-01   2.8530239e-01
  -4.1483913e+00   4.4236902e-02
   1.5160862e-01   3.8239974e-01
   2.0740443e-02   2.5402766e-01
   6.3392121e-01   1.5872475e-01
  -2.6463387e-02  -1.8803832e-02
   1.5887916e+00   2.9405169e-01
  -2.5511907e+00   7.1352682e-01
   5.7999092e-01   8.5347189e-01
  -7.9147518e-01   1.3451591e-01
  -1.1723134e+00   1.3277419e-01
  -2.2088846e+00  -5.0424348e-02
  -2.0925177e+00   2.4136832e-01
  -1.2885248e+00   2.5446397e-01
  -2.8244798e+00   5.2741486e-02
  -1.0893211e+00   1.2156847e-01
  -1.2097988e+00   3.2624330e-01
  -1.8686491e+00   4.1871041e-01
   2.0664832e+00   4.9602124e-01
  -7.7334053e-01   1.1090543e-01
  -3.7371330e+00   4.9203049e-01
  -2.6651752e+00   1.1218240e-01
  -2.5703707e+00   2.4298512e-01
  -1.1143500e-01   1.7746137e-01
  -2.2914649e+00   2.5454116e-03
  -1.1725902e+00   4.8262212e-01
  -6.6816286e-01   5.2888082e-01
  -2.0924550e+00   2.2445465e-01
  -3.1684139e-01  -1.3234770e-01
  -1.8211061e+00   3.0537398e-01
  -1.3335118e+00   1.4312900e-01
  -2.8996355e-01  -1.2803671e-01
  -5.4542808e-01   2.1710485e-01
  -3.4658146e+00   1.5249620e-01
  -3.0395892e+00   3.1216233e-01
  -3.5731728e-01   2.0446604e-01
  -7.7127276e-01   2.4493034e-01
  -3.1516259e-02   7.2976781e-02
  -2.5991940e+00   1.5928498e-01
   1.0409803e+01  -1.2904863e+01
  -1.7836650e+00  -2.3928463e-01
   1.8904620e+00   4.9451612e-01
  -1.8021495e+00   2.3614382e-01
   9.8428574e-01  -2.3684219e-02
  -6.4861223e+00   2.9915839e-01
  -2.4965918e+00   2.6044351e-01
  -1.0427368e+00   2.3924616e-01
  -2.5314304e+00   3.2195180e-01
   2.8040269e-01   1.2254570e-01
  -2.9785053e+00   3.9415342e-01
  -3.3065074e+00   8.2666868e-02
  -4.8674878e+00   6.8120529e-01
  -7.1292251e-01   6.2406516e-01
  -9.8800173e-01   2.1315976e-01
  -2.8649763e+00  -2.4256643e-01
  -5.3309797e-01   3.6208990e-02
   2.2337175e-01   3.3131521e-01
   3.6525008e-01  -1.3291507e-02
  -3.2227880e+00   1.5285286e-01
   5.5490606e-01   4.8893883e-01
  -4.7412342e-01   2.7582112e-01
  -1.4277250e+00   9.9514741e-02
  -3.3998666e+00   3.3461866e-01
  -9.4738289e-01   2.9132050e-02
  -1.5845974e+00  -4.5466750e-01
  -2.8305940e+00   8.7799315e-02
  -2.2750485e+00  -1.3366280e-01
  -3.4675928e-01   2.4581327e-01
  -2.6005541e+00   5.8234934e-01
  -4.3382860e-01   1.9524968e-01
  -1.5333710e-01   5.3441829e-01
   4.9622294e-01   3.1484985e-01
   4.7922005e-01   3.5173084e-01
  -9.3490116e-01  -2.5465747e-02
  -2.7617404e+00   1.1684031e-01
  -4.0272436e+00   5.1332812e-01
  -4.8036638e+00   3.0518889e-01
  -6.6503850e-01   3.0459366e-01
  -1.0460415e-01   3.9126940e-01
  -2.9040561e+00   2.2578183e-01
  -3.5799503e+00   8.5505573e-02
   7.9850245e-02   1.2144555e-01
   1.4286504e+00   2.4310615e-02
  -4.3976064e-01   6.4768001e-01
  -3.0887532e+00   8.5756735e-01
  -4.0006867e+00   2.9148726e-01
  -2.5720137e+00   1.2109254e-01
  -2.1971070e+00   4.7039149e-01
  -2.7214846e+00  -6.2328359e-04
  -2.8816000e+00   3.9740783e-01
  -1.6400563e+00   7.1258208e-01
   2.3067439e-01   3.1194993e-01
  -1.9208258e+00   3.2281394e-01
  -2.6909165e+00   1.2117408e-01
  -2.5342259e+00   1.3807975e-01
  -5.3318809e-01   2.2345150e-01
  -2.8934983e-01   2.9622774e-01
  -1.3116844e+00   9.8968240e-01
  -1.4578461e+00   1.7393475e-01
   1.1613837e+00   3.7602133e-01
   7.4778424e-02   2.2509685e-01
  -3.1381514e+00   4.8439751e-01
  -2.5599479e+00   5.9591080e-01
  -1.5591048e+00  -2.8217776e-02
   1.1611793e+00   9.6143419e-02
  -2.5444871e+00   1.3939727e-01
   6.8281379e-02   3.0999381e-01
  -1.3371962e+00   3.2464041e-01
  -3.3563180e+00   7.0707631e-03
   2.0215231e+00   3.5124802e-01
   1.3758056e-02  -3.7016534e-01
  -5.0691857e+00   1.2691376e-01
  -7.2493365e-01   1.2156167e-01
   4.7799772e-01   2.7539926e-01
  -3.6642341e+00   2.2835054e-01
  -8.9252549e-01   1.9435502e-01
   1.1176786e+00   3.4185988e-01
  -2.2980738e+00   1.3429630e-01
  -6.8287185e+00   5.6673212e+00
  -1.8796663e+00   2.3082364e-01
   6.4123964e-01   1.1214727e-01
  -3.5351622e+00   1.8163100e-01
   1.8393086e+00   2.3158861e-01
  -3.1075249e+00   2.4269010e-01
  -4.1805232e+00   1.7811454e-01
  -3.8893638e+00   4.0261181e-01
  -2.3080278e+00   2.2834887e-01
  -1.3924403e+00   2.4489759e-01
   3.8264787e-01   2.5309008e-01
   7.4180944e-02   9.3597527e-02
   1.5447674e+00   4.0252485e-01
  -2.5010387e+00   2.9649916e-01
  -1.8354155e+00   5.0038929e-01
  -1.6163367e+00  -1.3080679e-01
  -2.7577614e+00   4.6268993e-01
  -1.7279933e+00   3.6528143e-01
  -4.7305599e+00   3.5586046e-01
  -3.4503941e+00   3.3432929e-01
  -4.0800518e+00   4.0246651e-01
  -3.1961889e+00   3.2536762e-01
  -4.0400354e+00   8.2264904e-03
  -1.1957497e+00   7.6399550e-02
  -5.7036690e+00   1.6575606e-01
  -4.1022200e+00   3.4947879e-01
  -1.1517864e+00   4.2662370e-01
  -1.1727356e+00  -1.3812156e-01
  -1.1713000e+00   3.2955957e-01
  -5.3414848e-01   2.9902859e-01
  -1.9365754e+00   3.3944449e-01
  -9.3971460e-01   2.0790573e-01
  -1.9844250e+00   2.0288953e-01
  -1.7115425e+00   4.2906855e-01
   8.7966585e-01   4.4382542e-01
  -1.6743299e+00   2.7311166e-01
  -1.1003372e+00   5.4400025e-01
  -2.6415232e+00  -2.5646171e-02
  -2.8509273e+00   4.1829999e-01
  -4.1980377e+00   2.9741812e-01
   1.3608904e-01   3.9684542e-01
  -3.2985326e+00   1.2362119e-01
   6.3766888e-01   5.1866059e-01
  -2.3731397e+00   1.3344914e-02
  -2.3066240e+00  -5.0332720e-02
  -4.6176243e-02   1.3256563e-01
  -3.5961846e+00   5.0425638e-02
  -2.2250231e+00   2.5133711e-01
   4.3064007e-02   2.3797066e-01
  -6.4350546e-02  -6.0698654e-02
  -3.8655925e+00   2.8637620e-01
  -1.3056156e+00   3.9038332e-01
  -3.2537554e+00   3.4085213e-01
  -4.5369969e+00   1.1347953e-01
  -3.4048401e-01   3.9671377e-01
  -3.7720824e+00   2.3289574e-01
  -1.1368423e+00  -3.5543609e-01
   1.2688093e+00   3.0489759e-01
  -1.2419061e+00   3.8669570e-01
  -1.3193158e+00   3.3302390e-01
  -2.4569332e-01   1.6911570e-01
  -3.7203503e-03   9.4827184e-02
  -3.5835704e+00   2.8469904e-03
   4.6100962e-01   2.5374065e-01
  -3.1750599e+00   4.6202021e-01
  -3.1123537e+00   2.8068577e-01
  -2.5968902e+00   3.4526333e-01
  -1.7552979e+00  -4.3589184e-02
   1.5175410e+00   1.4977502e-01
  -1.8615865e+00   9.7298219e-02
  -1.7051679e+00  -1.5278370e-01
  -1.0086368e+00   3.7236372e-01
  -1.2112051e+00   1.6446776e-01
  -5.4664909e-01   1.5546403e-01
   1.1808692e+00  -4.9690906e-01
  -1.6128530e+00   3.4048699e-01
  -3.5630622e+00   1.4824048e-01
  -1.3854437e+00   2.5816937e-02
  -3.2491352e+00  -2.8625139e-03
  -2.3044913e+00   3.9648884e-01
   2.0907652e+00   4.5910535e-01
  -1.8997097e+00  -1.0234773e-01
  -3.1342732e+00   3.2594192e-01
  -4.5381708e+00   3.0403439e-01
  -3.6788428e+00   4.4147586e-01
  -2.4997786e+00   2.7571264e-01
  -6.6437778e-01   2.5596804e-01
   1.4966876e+00   4.5443772e-01
  -9.6080325e-01   4.2501065e-01
  -3.4347701e-01  -1.6221762e+00
  -1.6783388e+00   5.0668999e-01
  -1.6517921e+00   1.2940171e-01
  -3.0222094e+00   2.2347697e-01
  -9.8359415e-01   1.5593018e-01
  -1.6151555e+00   1.2830770e-01
  -2.4139189e+00  -1.6914467e-01
  -2.5282553e+00   2.6432360e-01
   3.2921699e-01   1.6228696e-01
  -4.6521475e+00   4.7691341e-01
  -4.2636057e-02   4.0067876e-01
  -2.9264728e+00   7.9040362e-02
  -2.9801086e+00   3.4664171e-01
  -1.1882523e+00   5.4291500e-01
  -2.1301178e+00   4.4907941e-01
  -7.0367419e-01   1.1045782e-01
   2.2578171e-02   5.4568930e-01
  -4.5780212e+00   8.3441994e-02
  -1.5402374e+00   3.0100884e-01
  -1.3022287e+00   1.3826708e-02
  -2.3612142e+00   6.3597872e-02
  -3.6302143e+00   2.9535490e-01
  -2.4111266e+00   1.0667424e-01
  -2.9612994e+00   4.2182641e-01
   1.6428070e+00   7.3128464e-02
  -2.8191139e+00   3.2230519e-01
  -1.5545629e+00  -9.0137772e-03
  -2.9753679e+00   4.7210047e-01
  -3.0049757e+00   5.4801805e-01
   1.4544452e+00   4.9709843e-01
  -1.6875970e+00   1.3572549e-01
  -2.3981901e+00   2.7644890e-01
   2.0492178e+00   2.8238754e-01
  -2.2417942e+00   4.4435742e-01
  -4.0404312e+00   1.7205923e-01
  -3.1514158e+00   2.5822723e-01
  -3.2501802e+00   4.2144001e-01
  -2.4477061e+00   5.1607502e-01
  -1.9486957e+00  -8.4761239e-03
  -1.3948628e+00   1.8620288e-01
   9.3790048e-01   1.5737503e-01
  -2.8119265e+00   2.9966185e-01
  -4.1474652e-01   4.1712025e-01
  -2.2229548e-01   4.6248087e-01
   2.8938361e-01   1.2135926e-02
  -2.3321610e+00   3.5285338e-01
  -7.3138016e-01  -1.1447839e-01
   5.4259115e-01   5.9695409e-01
  -1.6067882e+00   5.4172315e-01
  -1.4092521e+00   2.1015022e-01
  -2.0232918e+00  -1.1883936e-01
  -1.1345782e+00   1.6827238e-01
  -8.9521091e-01   2.0129324e-01
  -2.1251810e+00   5.4826927e-02
  -1.3609639e+00   4.0138341e-01
  -2.0402238e+00   4.3154148e-01
  -4.5832120e-01  -3.1890634e-01
  -3.9943417e-01  -6.6201598e-02
  -2.6137473e+00   2.0974458e-01
  -1.6302320e+00  -1.2207955e-01
  -2.1722317e+00  -5.5817906e-02
  -7.8744805e-01   3.1029771e-01
  -4.4253398e+00   1.8456984e-01
  -1.8274660e+00   1.1384629e-01
   2.1134898e+00   3.5391817e-01
  -5.7978793e-01   3.6833102e-01
  -2.7736355e+00   1.1201199e-01
  -1.0678372e+00   1.2111342e-01
  -1.1736681e+00   3.2699756e-02
  -1.2898314e+00   5.0288403e-01
  -1.4622709e-01  -1.1201139e-03
  -2.3415171e+00   3.6790403e-01
  -2.9764372e+00   4.2916805e-01
  -3.2295674e+00   3.6460648e-01
   1.3240380e-01   4.0473762e-01
  -1.8104436e+00   6.9444171e-02
  -1.0534636e+00   2.7373103e-01
  -2.9277170e+00   2.3141593e-02
  -2.8376260e+00   3.3856009e-01
  -1.5105928e+00   2.9667069e-01
  -1.5312591e+00   2.0450397e-01
  -3.4471935e-01  -2.9762419e-02
  -3.2879542e+00   4.0474494e-01
  -2.7859014e+00   4.9822246e-01
  -2.5997909e+00   1.0128606e-01
  -1.6711704e-01   1.0803731e-01
  -9.1277787e-01  -1.1930674e-01
  -1.7919996e+00  -4.8785903e-02
  -1.4278789e+00   4.9823470e-01
  -1.1532416e+00   1.2025361e-01
  -4.3861088e-01   3.5968188e-01
  -4.2234930e+00   9.0089892e-02
  -2.8126372e+00   4.8866002e-01
  -1.1618029e+00  -4.9318894e-01
  -2.5478713e+00   4.6016949e-01
  -2.9955378e+00   1.9107535e-01
  -1.9214863e+00   3.4498474e-01
  -3.3167698e+00   5.4104148e-01
  -1.9052019e+00  -5.8460686e-02
  -1.9368916e+00   3.4399237e-01
  -1.1592903e+00   1.1033392e-01
  -2.1652535e+00   4.4167586e-01
  -1.9393304e+00   4.7915018e-01
  -9.1996515e-01   1.5513296e-01
   3.8981549e-01   1.5916144e-01
   1.3210964e+00  -7.2964377e-02
  -4.2659335e-01   2.9457068e-02
  -5.4639721e+00   1.8940453e-01
  -3.1710032e+00   2.4841920e-01
  -2.7567318e+00  -8.6484098e-02
  -1.2449535e+00   5.2637015e-01
  -1.4838445e+00   4.2577814e-01
   1.4536062e-01   5.9707570e-01
  -5.1892513e-01   1.3164917e-01
  -4.4077701e+00   4.8638726e-01
  -1.3572636e+00   3.7444707e-01
  -2.8786848e+00   3.4865721e-01
  -2.1007674e+00   3.7967669e-01
  -3.4237617e+00   2.4796258e-01
  -4.9165442e+00   9.6436866e-01
  -1.8131418e+00  -4.2458115e-02
  -2.1008231e+00   1.8769480e-01
  -2.9347407e+00   3.4640118e-01
  -1.6656440e+00   5.6257599e-02
   6.2446923e-01  -1.3921575e-01
  -1.3391326e+00   4.5061460e-01
   7.7179504e-01   1.0382272e-02
  -2.6355309e+00   6.7999636e-01
  -2.4468305e+00   2.6559662e-01
  -4.5549563e+00   2.9471144e-01
   2.1913684e-01   1.7380172e-01
  -1.4023160e+00   4.3758626e-01
  -4.2128881e+00   2.1883571e-01
  -6.6328557e-01   1.0906786e-02
  -6.7723310e-01   1.7385042e-01
   7.8928405e-01   3.7045655e-01
  -6.4500862e-01   3.2737080e-01
   8.6253515e-01  -6.4614775e-03
  -9.1493926e-01   4.2063552e-01
  -1.1269998e+00   3.3974177e-01
  -1.1080009e+00   4.1930520e-01
  -2.2139517e+00   3.4175912e-01
  -1.0496846e+00   5.2746634e-01
  -5.4147550e-01  -2.5145393e-02
  -2.1434687e+00   3.5157460e-01
  -1.8422427e+00   3.3562336e-01
  -5.4012673e-01   7.7678024e-02
  -4.4122840e-01   1.0249100e-01
  -3.5556686e+00   3.1120444e-01
  -3.8841937e-01  -2.1109762e-02
  -5.0762990e-01  -3.7971741e-02
  -1.0596677e+00   1.5405032e-01
  -2.6595725e+00   2.1071415e-01
  -1.9174322e+00   1.4713931e-01
   7.3043381e-02   6.4764723e-01
  -1.9760585e+00   6.0753523e-02
   1.2983604e-01  -6.0058804e-02
  -6.8017943e+00   9.0047438e-02
  -2.7158541e+00   2.1523944e-01
  -1.0408314e+00   2.7301684e-01
  -1.9311065e+00   5.2718775e-01
  -2.4185963e+00   4.4136626e-01
  -5.8134446e+00   5.4325669e-01
  -2.7819509e+00   2.8838665e-01
   4.5033570e-01   1.8151617e-01
  -3.4598452e+00   9.7405726e-02
   4.7842098e-01   5.1287114e-01
  -2.2025705e+00   1.7776860e-01
  -1.8756317e+00   1.7194738e-01
  -4.8438380e+00  -1.8447709e-02
   9.1110230e-01   3.2961634e-01
  -1.9785829e+00   6.4150110e-02
  -5.3420907e+00   7.3829746e-01
  -2.5223553e+00   5.1982004e-01
  -6.6250003e-01  -1.0145225e-02
  -9.3389653e-01   3.6739697e-01
  -1.0041791e+00   4.0052849e-01
  -1.1537111e+00   6.7646250e-01
  -4.9540009e+00   3.2639824e-01
  -2.0393195e+00   4.7240169e-01
  -2.6395038e+00   2.6794540e-01
   1.3937323e+00   9.7244314e-02
  -1.2028635e+00   2.6759746e-01
  -2.3917957e+00   1.1178714e-01
  -5.1052853e+00   4.9037772e-01
  -7.7410219e-01   1.0104072e-01
   3.4154209e-01   5.5422551e-01
  -2.8488516e+00  -2.1513981e-01
  -1.4565555e+00   4.4685691e-01
  -1.0858696e+00   3.4255731e-01
  -2.6089854e+00   2.9402303e-01
  -1.7072706e+00   8.5805249e-02
  -2.8787996e+00   7.4157480e-02
  -2.0504169e+00  -5.5248902e-02
   1.9673017e+00   3.2543572e-01
  -1.1931548e+00   5.2606999e-01
  -2.9320020e+00   2.6626429e-01
  -2.3645276e+00   4.9056240e-01
   1.3644038e+00   2.7312348e-01
  -3.7441262e+00   2.5998863e-01
  -1.9116212e+00   2.6147286e-01
  -3.2975894e-01  -3.2175048e-02
  -2.5314727e+00   3.3787407e-01
  -1.9341039e+00   2.1718540e-01
   2.0738545e+00  -7.6510435e-02
  -7.5393866e-01   2.1236688e-01
  -3.4033390e+00   4.1224440e-01
  -1.3206306e+00   2.3962046e-02
  -3.9839073e+00   1.1332301e-01
  -1.1022618e+00   3.0160289e-01
  -1.6308508e+00   7.7490191e-02
  -2.2705818e+00  -9.8444810e-03
  -2.7098961e+00   4.5767346e-01
  -9.4054840e-01   3.0924218e-01
  -7.0975625e-01   7.0569666e-02
  -3.0431443e+00   5.7352085e-02
  -2.1430824e+00   7.0853034e-02
  -4.7825251e+00   6.2788726e-02
  -2.5490461e+00   2.3859245e-01
   1.8704622e+00   4.3093802e-01
  -1.7531528e+00   6.6525848e-02
   6.4488034e-01  -2.7786998e-02
  -9.9389203e-01   9.3900778e-02
  -3.3143921e+00  -7.6706129e-02
  -4.1040214e+00   1.5408029e-01
  -5.0621962e+00   1.2412579e-01
  -1.6144563e-01   2.0236162e-01
  -1.0166685e+00   2.8884279e-01
  -1.9819467e+00   4.0922436e-01
  -1.2079298e+00   2.9260067e-01
  -1.4732945e+00   6.0899269e-01
  -1.2010612e+00   2.3372608e-01
  -3.3452501e+00   6.5696273e-01
  -1.7317127e+00  -1.8585592e-01
   4.5077403e-01   6.5425483e-01
  -9.7574615e-01   6.8066748e-01
  -2.4665714e+00   2.1778320e-01
  -2.0020394e+00  -2.1054045e-02
  -4.0125548e+00   1.0024231e-01
  -1.9724115e+00   2.0224446e-01
  -1.9220675e+00  -1.2872705e-01
  -5.2715072e+00   2.1172798e-01
  -2.4270080e+00   2.2974569e-02
   4.8056756e-01   1.5385277e-01
  -1.9554737e+00   1.4654516e-01
  -2.6940691e+00   2.6203414e-01
  -3.5448371e+00  -1.4504727e-02
  -5.5055239e-01  -7.1236869e-03
  -3.1512923e+00   1.7354466e-01
  -1.6989577e+00   2.0191449e-01
  -4.7405834e+00   3.8115204e-01
  -9.3212574e-01  -2.9251353e-01
  -1.9543699e+00   2.6924657e-01
  -2.1846159e+00  -1.9438647e-02
  -3.1578513e+00   1.5581816e-01
  -1.3179937e+00   5.2790192e-01
  -2.4021994e+00   8.0145926e-02
  -6.4035151e-01  -1.6881943e-01
  -3.3163942e+00   1.6193776e-01
  -4.4162771e+00   2.9063258e-01
  -2.6030078e+00   4.3990076e-01
   1.5939724e+00  -6.1216142e-01
  -4.8208645e+00   5.5896435e-01
  -6.4128773e-01   8.3722836e-02
  -2.8347423e+00   1.3726977e-01
  -5.3975833e-02   1.9605389e-01
  -4.6244515e+00   3.2035228e-01
  -1.3763001e+00   2.1505381e-01
  -7.9600906e-01   4.5776496e-01
   5.8317695e-01   6.2689705e-01
  -1.1658483e-01   3.6498863e-01
  -2.5337645e+00   2.5413779e-01
   1.1990487e+00   3.7145457e-01
  -1.5252965e+00   6.4889864e-02
  -2.6138668e+00   2.0928968e-01
  -4.9883974e+00   6.3717184e-01
  -3.9019283e+00   2.0277828e-01
  -3.6243408e+00   1.5951275e-01
  -3.0829243e-01   3.2435295e-01
  -1.5769791e+00   5.8051260e-01
   7.9284883e-01   4.2024788e-01
   8.2261278e-01   6.9624354e-02
  -4.8112162e+00   4.4860190e-01
  -2.0749482e+00   5.4492096e-01
  -2.5846093e+00  -1.2314323e-01
   1.2878982e+00   2.5443983e-01
  -2.1546709e+00   4.5545757e-01
  -7.1800660e-01   5.8668499e-01
  -3.9326076e-02   8.9008935e-02
  -3.7708605e+00   1.9123730e-01
  -3.2814479e+00   5.1888128e-01
  -1.9953540e+00   6.6655684e-01
  -1.2862295e+00   2.4242415e-01
  -1.0700819e+00   1.2876846e-01
   1.6345240e+00   3.3975218e-01
  -5.0627856e-01   3.2160401e-01
  -2.2051275e+00  -1.1166001e-02
   2.3727541e+00  -6.0068356e-01
  -2.3697802e+00   1.1275236e-01
  -2.4241629e+00   2.9109570e-01
  -9.1518629e-01  -1.8968566e-02
  -1.2879596e+00   3.9847176e-01
   3.5998407e-01   2.4863472e-01
   5.8857632e-01   4.2772843e-01
   4.1267596e-01   3.6799812e-01
  -3.5957578e-01  -6.8995432e-02
  -4.3711219e-02   2.8631650e-01
  -1.1870053e+00   5.2879963e-03
  -2.1608485e+00   1.4862157e-01
   8.2565622e-01   3.6073404e-01
   1.1211063e+00   2.1001114e-01
  -4.5603430e-01   3.3476884e-01
  -1.7380497e+00   1.8698214e-01
  -4.6128189e+00   2.0490980e-01
   1.2298386e+00   3.6200053e-01
  -9.3885829e-01   8.4743605e-02
  -2.7861114e+00   2.6265210e-01
  -4.0905076e-03  -2.4020062e-01
  -3.6951934e+00   1.1724981e-01
  -1.3602066e+00   3.0738907e-01
   2.4268214e-01   2.3069280e-01
  -2.6140611e+00   2.8612918e-01
  -3.1018644e+00   5.3521341e-02
  -2.3256517e+00   3.4699527e-01
  -4.6402079e+00   2.7414138e-01
  -2.8881500e-01   3.5822255e-01
   3.4877370e-01   2.6830807e-01
   3.1594725e-01   4.8984834e-01
   3.6741876e-02   3.5330562e-01
  -3.7870259e-01   1.9374460e-01
  -3.1041105e+00   3.9655568e-01
  -4.8895062e-01   1.5720475e-01
  -1.4125468e+00   4.0997980e-01
  -6.1948852e-01  -2.5323127e-01
  -1.4161307e+00   3.2099665e-01
  -3.4795631e-01  -3.4011317e-02
  -1.6584315e+00   3.8499546e-02
  -2.5161158e+00   6.3544963e-01
  -1.6140154e+00  -1.6778674e-02
  -1.9332905e+00   1.0601771e-01
  -1.7961579e+00   1.5738071e-01
  -3.3151564e+00   2.2321147e-01
  -1.4970645e+00   3.4525245e-01
  -2.2853126e+00   4.2764939e-01
  -5.8867581e-01   2.7265199e-01
   2.0720043e+00   3.3479060e-01
  -1.0652619e+00   1.3874780e-01
  -1.5337993e+00   3.3132711e-01
  -1.0201645e+00   2.4578444e-01
  -8.7485751e-01  -6.4222647e-02
  -2.2890153e+00   3.1592153e-01
  -3.6823109e+00   3.9659531e-01
  -4.4571283e+00   1.5674283e-01
  -5.1986675e-01  -2.6953632e-02
   2.1654180e+00   2.0251199e-01
   9.3961185e-02  -1.2836445e-01
  -4.3517720e+00   2.4008970e-01
  -2.0009815e+00   4.0088583e-01
  -4.6493476e+00   8.1089319e-02
  -1.3512915e+00   1.8356121e-01
  -1.4198414e+00   4.0940971e-01
  -1.1822715e+00   4.7905476e-02
  -7.7061058e-01   5.0375152e-01
  -3.5985623e+00  -7.4665434e-02
  -1.5071087e+00  -4.9967452e-02
  -2.5587642e-01   2.5306606e-01
  -1.3257523e+00   2.6727363e-01
   3.1594827e-02   1.6607512e-01
   8.6852229e-01   3.4795284e-01
  -2.5037489e+00   4.2269953e-01
  -9.7971544e-01   2.1484762e-01
  -2.8372161e+00   6.9603088e-01
  -2.8074168e+00   1.0919468e-01
  -2.3442012e+00   1.9227540e-01
  -1.5948651e+00   3.1005313e-01
  -1.1889622e+00   5.3594098e-01
  -3.7427562e+00   3.8889836e-01
  -1.3809907e-01   6.3850111e-01
  -1.7785555e+00   4.5595859e-01
  -2.8110530e+00  -1.4624023e-02
  -3.3232716e+00   1.9697553e-01
  -3.3357099e+00   3.1871387e-01
  -1.4176345e+00   2.4618210e-01
   2.0373352e+00  -1.1938248e-01
   1.1712418e+00  -1.3447659e-01
  -3.1268759e+00   5.4120450e-01
  -7.7986235e-01  -7.5749297e-02
  -1.0011365e+00   1.8865326e-01
  -1.6961653e+00   5.7536129e-01
  -1.2729525e+00   2.5732920e-01
  -2.9559058e+00  -4.1576495e-02
  -6.3193777e-03   1.9389994e-02
  -3.0261168e+00   7.6110579e-02
  -2.5574334e+00   1.2857766e-01
  -4.6893596e-01   3.8896300e-01
  -7.3132323e-01   5.3532159e-01
  -9.6358848e-01   1.3021163e-01
  -3.1958893e+00  -3.4156645e-02
  -1.8425034e+00  -2.8853519e-01
  -1.1101456e+00  -7.5378373e-02
  -2.3362805e+00   1.6091290e-02
  -1.3395455e-01   4.0068123e-01
   1.2406205e+00  -3.7342354e-02
  -8.2713763e-01   5.2991524e-01
  -1.0336584e+00   1.4284635e-02
  -6.6303349e-01   4.7096374e-01
  -2.2487512e+00   5.4651909e-01
   7.6504209e-01   4.8376779e-01
  -8.2955659e-01   1.6617869e-01
  -2.4805099e+00   1.8223924e-01
  -2.4897601e+00   3.5287187e-01
  -5.6479788e-01   2.5192734e-01
  -1.7522148e+00   2.2624807e-01
  -2.1364490e+00   3.8581320e-01
  -1.3275386e+00   4.8550634e-01
  -2.6429343e+00   4.5672630e-01
  -9.5274669e-01   4.6667956e-02
  -8.9221561e-01   6.2706598e-01
  -3.2245373e+00   2.3708239e-01
   2.4453155e-01   7.9147572e-02
  -1.6563760e+00   3.3894948e-01
  -9.6631603e-01   8.4627304e-01
  -2.6629553e-01   4.9597543e-01
  -2.8819405e+00   7.7443022e-01
  -3.2356756e+00   5.9670928e-01
  -1.3572036e+00   7.5131264e-01
  -3.9482965e-01  -5.5983783e-01
  -1.4123679e+00   2.7436586e-01
  -4.8985836e+00   2.4649917e-01
   5.9111236e-01   3.1795106e-01
  -3.4512789e+00   2.7144544e-01
  -4.8096759e+00   4.3248827e-01
  -8.1370956e-01   2.9013587e-01
   1.0030020e-01   2.9837538e-01
   5.6539419e-01   5.8147056e-01
  -5.1389642e+00   7.0585053e-01
  -9.4420345e-01   2.3682473e-01
  -6.5456168e-01   2.3976151e-01
   1.2413410e+00   3.9076211e-01
  -3.2570462e+00   1.9562584e-01
  -1.8086133e+00  -4.1874047e-02
  -2.1922824e+00   4.1140965e-01
  -3.4787066e+00   3.7796065e-01
  -2.4611413e+00   1.5038177e-01
   5.6930209e-01   4.1318898e-01
  -3.4672575e+00   2.5784998e-01
  -3.8231636e+00   4.8665901e-01
  -2.5657434e+00   2.7454092e-01
  -2.9338443e+00   6.1256358e-02
  -1.7777544e+00   4.3187497e-01
  -1.5498500e+00   6.4098775e-01
  -9.5118365e-01   2.2640318e-01
  -1.8464885e-01   2.4416589e-01
   6.3883034e-01   4.6843922e-01
  -2.2175794e+00   5.7256713e-01
  -2.0068082e+00   5.9022505e-01
  -2.1273129e+00   3.9430373e-01
  -1.6025148e+00   2.3955699e+00
  -1.0293076e+00   5.6647215e-02
  -2.2792592e+00  -7.9201604e-02
  -2.3124455e+00   1.8868776e-01
  -1.3557351e+00   2.1532798e-01
  -1.1372836e+00   1.0084472e-01
  -4.8098103e-01   9.2638458e-02
  -2.4195756e+00   4.1959110e-01
  -3.6705219e+00   3.3251503e-01
  -1.3300223e+00   2.6651401e-01
  -1.2390776e+00   4.2444707e-02
  -2.2003724e+00  -1.1964324e-02
  -1.2424617e+00   1.2186034e-01
  -4.0373382e+00   1.2431708e-01
  -1.1383434e+00   3.2691777e-01
   5.8828458e-01  -1.1288020e-01
  -2.2536006e+00   4.0390409e-01
  -4.3501205e+00   4.7892025e-01
  -2.3703720e+00  -1.7537586e-01
  -4.2423690e+00   2.2211771e-01
  -3.0447710e+00   2.3492662e-01
  -1.8981538e+00   3.2746021e-01
  -9.2914659e-01   4.3955573e-01
  -1.9939297e-01   6.1271243e-01
  -3.3919017e+00   3.0392805e-02
  -1.5302486e+00   4.0223961e-01
  -1.7777618e+00   1.8725701e-01
  -1.1254618e+00   2.0559372e-01
  -2.2782790e+00   2.9610155e-01
  -1.6302797e+00   3.3164022e-01
  -1.9553969e+00   2.2793806e-01
  -7.5673046e-01   1.9025915e-01
  -3.4634551e+00   3.2782602e-01
  -1.9462222e+00   1.8846122e-02
   1.8685118e+00   9.2944514e-02
   1.9083454e-01  -2.3123495e-01
  -1.9171397e+00   1.1619898e-02
  -1.1260921e+00   1.5504114e-01
  -5.9091917e-01   3.0329728e-01
  -6.2792138e-01   1.3754592e-01
  -2.3662115e+00   3.1889671e-01
  -2.9692429e+00   1.9924084e-01
  -4.2528440e+00   3.0361720e-01
  -3.7772449e+00   1.1510536e-01
  -2.1885726e+00   5.4235768e-01
   5.0953010e-01   1.6951759e-01
  -4.7825787e+00   1.3543150e-01
  -2.7991477e+00   3.9761523e-01
  -3.6726410e+00   6.5844362e-02
  -1.0258795e+00   1.2984506e-01
   9.6871514e-01   5.8206325e-01
  -6.2079806e-01   2.9771057e-01
  -2.1403151e+00   1.8841861e-01
  -1.4694260e+00  -5.0271518e-02
   6.6871584e-01   3.1291291e-01
  -9.7968159e-01   2.7259241e-01
  -2.8676587e+00   3.7290700e-01
  -1.9058297e+00   1.7801393e-01
  -1.3122540e+00   1.0616044e-01
  -1.4382040e+00   3.5613141e-02
  -3.0792285e+00   1.1373932e-01
  -5.6800760e+00   1.2075127e-01
  -1.5600662e+00   1.2833194e-01
  -2.0516870e+00   2.1106823e-01
  -3.0548265e+00   2.6576770e-01
  -2.1357585e+00   2.2322038e-01
  -2.6137791e+00  -4.1573933e-02
  -2.5968096e+00  -1.2035329e-01
  -2.5865051e-01   7.3862877e-01
  -2.6845734e+00   3.4878629e-01
   1.4077261e+00   4.5408785e-01
  -2.7628945e+00   6.8732113e-01
  -5.0862087e-02   4.9910047e-01
  -1.7461976e+00   5.3023525e-01
  -3.5028869e+00   6.5081656e-01
   6.1471088e-01   2.2647833e-01
  -9.3567170e-01   4.9912903e-01
  -2.1300928e+00   7.7238605e-01
  -1.2842005e+00  -3.5826642e-01
  -2.4380135e+00   5.2972280e-01
   1.6262531e-01   4.5867818e-01
   5.6500043e-01   4.8113722e-01
  -3.3863035e+00   4.6562924e-02
  -1.2503176e+00   5.3876910e-01
  -1.7290301e+00   6.8586231e-02
  -2.2659401e+00   2.3764643e-01
  -6.8160938e-01   1.0850225e+00
   5.5117194e-01   4.4736701e-01
  -7.5750136e-01   4.8867488e-01
   1.4610684e+00   6.7105572e-01
  -1.3406873e+00   3.3454777e-02
  -3.5192613e+00   3.0029579e-01
  -4.5479628e-01   6.1777416e-01
  -5.3615411e-01  -1.4663676e-01
  -2.2149964e+00   2.4283626e-01
  -8.2971317e-01   3.0750290e-01
  -3.5377521e-01   5.4322460e-01
  -1.4416129e+00   5.0840844e-01
  -5.4872820e-01   4.1807504e-01
  -2.4667511e+00   1.8946290e-01
  -4.8444041e-01   1.3171978e-01
  -2.3034673e+00   3.4580801e-01
  -1.0045963e-02  -2.6810623e-02
  -1.8530960e+00   1.1278440e-01
  -1.9042022e+00   3.7569910e-01
  -9.0322186e-01   4.5124146e-01
  -1.6257359e+00   6.5970635e-01
  -1.1555039e+00   7.0911556e-01
  -7.0457408e-01   5.9150609e-01
  -4.5424768e+00   6.2670195e-01
  -3.2023446e+00   1.1329605e-01
  -1.7827556e+00   3.5817894e-01
  -9.7786723e-01   2.4058863e-01
  -2.0597293e+00   2.6606877e-01
  -2.8472169e+00  -4.5027652e-02
  -2.0415000e+00   4.8380253e-01
  -3.9506448e-01   1.3727083e-02
  -2.9827966e+00   8.3688951e-02
  -4.5417098e-01   4.3525345e-01
   5.1625715e-01   3.4221352e-01
  -1.0989769e+00   1.6416701e-01
  -1.3719155e+00   2.5172840e-01
  -2.0697031e+00   1.5282158e-01
  -3.5864992e+00  -1.8127837e-01
  -9.7542517e-01   5.2127185e-01
  -2.3949511e+00   2.8325725e-01
  -1.5024387e+00   2.6896044e-01
  -1.5299654e+00   1.1953532e-01
   2.8150877e-01   1.2284661e-01
  -6.6314876e-01   2.3112076e-01
  -1.4611489e+00   2.9396001e-01
   2.3695561e-01   4.2654432e-02
   2.0081902e+00  -7.3045898e-02
  -2.4543163e+00   7.7659065e-02
  -2.5060464e+00   4.5046094e-01
  -6.1822354e-01   2.0909085e-01
  -4.3793477e+00   4.2246458e-01
  -1.0007261e+00   2.6800210e-02
  -1.3688847e+00   4.9811204e-01
  -3.0031773e+00  -8.1357157e-02
  -2.9973184e+00   2.6866340e-01
  -2.0800724e+00   4.0521219e-01
   3.9723263e-01   7.7225213e-01
  -3.9097376e+00   1.9779723e-01
  -4.0674110e+00   6.3066696e-02
  -2.3158441e+00   2.1988341e-01
  -2.7853625e+00   2.2779406e-01
  -3.5468808e+00   3.0269293e-01
   1.5154063e+00   7.1733120e-02
   1.7573940e-01   3.1973627e-01
  -2.1973644e+00   1.1073760e-01
  -2.0691534e+00   4.9912604e-01
  -1.0935235e+00   4.9484142e-01
  -7.6960965e-01   2.4615082e-01
  -1.6809286e+00   6.2692603e-01
  -2.0608639e+00   3.6393953e-01
  -9.5484999e-01   6.1302691e-02
   7.4260961e-01   5.1152060e-01
   1.6426883e+00   3.1521539e-01
   5.5300265e-01  -1.6575753e-01
  -1.2456069e+00   2.7447773e-01
  -2.3006989e-01   2.0851342e-01
  -1.1180405e+00   2.6151964e-01
  -1.6901695e+00   2.7908738e-01
  -1.5764405e+00   1.5374612e-01
  -1.1765322e+00   1.7885529e-01
  -1.2235927e+00   1.7975951e-01
  -2.5151502e+00   5.0810580e-01
  -3.0346052e+00   3.2481736e-01
  -1.5064449e+00   5.9389478e-02
  -2.9744451e+00   2.8105274e-01
  -1.7166874e+00   4.5871405e-01
  -2.3621471e+00   3.5697289e-01
  -6.1488724e+00   2.4913543e-01
  -6.8577126e-01   4.3396291e-01
   1.7334882e+00   1.2409477e-01
  -4.1163005e-01   3.2000884e-01
  -2.6825653e+00   8.6864913e-02
  -1.8544502e+00   1.1398046e-01
  -4.0680793e+00   4.0864943e-01
  -1.0957866e+00   4.1451149e-01
  -2.0375165e+00   3.3671310e-01
  -2.0601471e+00   3.8151265e-01
  -7.8951481e-01   3.8351926e-01
  -3.0999052e-01   5.3071995e-01
   9.6754895e-01   3.5727280e-01
  -3.3898381e+00   2.8144993e-01
  -5.9287345e-01   1.3142535e-01
  -1.5843954e+00  -4.5600615e-02
  -1.3497534e+00   3.8021898e-01
  -1.4873191e+00   4.1210778e-01
  -4.0809213e-01   2.9863951e-01
  -1.8427326e+00   4.5435845e-01
   1.7585021e+00   1.3710822e-01
  -3.5583845e+00   8.0186593e-02
  -9.4966983e-01   5.6245738e-01
  -4.4756635e+00   1.5861451e-01
  -1.5977542e+00   5.0630688e-01
  -1.4420666e+00   3.2658471e-01
  -2.0180305e+00   2.1381269e-01
  -1.3621112e-01   1.4761909e-01
   6.6905860e-01   2.6298139e-01
  -3.6520569e+00   2.0507620e-01
  -1.5747113e+00   2.0904992e-01
  -3.7079960e+00   3.7427988e-01
  -2.9926120e+00   1.7427797e-01
  -2.2099396e+00   3.5786857e-01
  -1.9406815e+00  -5.4538365e-02
  -8.1872261e-01   2.5069263e-01
  -1.4389160e+00   5.2273389e-01
  -1.5930091e+00   1.9663935e-01
  -9.2469618e-01   4.4599458e-01
   4.9562800e-01   4.7483214e-01
  -6.1642583e-02   4.3165389e-01
  -3.2153905e+00   5.2073306e-01
  -2.4878665e+00  -1.3246287e-01
  -3.6189138e+00   4.3525060e-01
  -3.8022722e+00   1.8200468e-01
  -3.4001170e+00   5.5623668e-01
   8.1526672e-01   7.8586751e-01
  -1.9664412e+00   3.0881006e-01
  -9.3214213e-01   8.9277978e-01
  -1.0842037e+00   4.2437892e-01
  -3.5027020e+00   6.3595670e-01
  -2.2778125e+00  -1.6158859e-01
  -3.1731684e+00   1.5563017e-01
  -5.6988997e-01   3.2043081e-01
  -4.3747943e+00   3.4386817e-01
  -6.8173283e-01   2.7000555e-01
   1.8156733e-01   4.4558278e-01
  -2.9866351e+00  -8.1228811e-02
  -2.5901080e+00   5.5673737e-01
  -1.9255091e+00   3.6381374e-01
  -9.0464468e-01   2.1742288e-01
  -2.6930179e+00  -1.6093259e-01
  -1.7711960e+00   1.2925547e-01
  -1.7808014e+00   4.9289646e-01
  -5.8987441e-01   2.9286599e-01
  -1.1531165e+00   2.2770592e-01
  -1.4989867e+00  -1.3299308e-02
  -2.7389979e+00  -1.6170173e-01
  -3.0750605e+00   1.9962469e-01
  -1.4294941e-01  -1.2802780e-01
  -5.1251060e-01   1.3592886e-01
  -6.7433678e-01   2.6094646e-01
   8.5331792e-01   3.4079746e-01
  -3.6073003e+00   9.8672429e-02
  -4.6906530e+00   2.6848086e-02
   1.4273071e+00   1.9357786e-01
  -1.3191244e+00   4.8444198e-02
   2.0165644e+00   3.9372944e-02
  -1.9255828e+00   3.2407362e-01
  -3.5157989e+00   2.1125654e-01
  -1.9367597e+00   1.1224878e-01
  -2.9666629e+00   2.2118665e-01
  -2.8867872e+00   4.0935743e-01
  -1.9878061e+00   4.1734196e-02
  -3.0978887e+00   4.6934222e-01
   8.3344366e-01   1.4446585e-01
  -7.8233842e-01   2.0340194e-01
  -4.9419557e+00   2.8369239e-01
  -2.0536834e+00   3.4331107e-01
  -1.9347368e+00   4.3910739e-01
  -1.0283556e+00   3.1821729e-01
   2.5669687e-01   2.3732646e-01
  -7.5221725e-01   2.6776164e-01
  -2.2247429e+00   4.1454638e-02
  -4.2526618e+00   3.3122969e-01
  -3.7895305e+00   2.4738827e-01
  -5.6722849e-01   1.4745495e-01
  -1.4359534e+00   2.1910832e-01
  -1.0721247e+00   2.7933642e-01
  -3.8402455e+00   3.0209418e-01
  -4.3803073e-01  -2.2540135e-01
   1.8148672e-01   5.1388817e-03
  -5.5743425e-01   6.6443810e-01
   2.5695203e-01   4.9124465e-01
  -1.1968400e+00   1.3548422e-01
  -1.7957505e+00   1.9645554e-01
   8.4609129e-01   2.9293576e-01
  -2.8745729e+00  -9.5274949e-02
  -1.8925569e+00   4.0247243e-01
  -2.6941504e+00   7.7589808e-01
  -1.6011078e+00   8.0840546e-01
  -8.0496280e-01   2.5984559e-01
  -3.8744028e-01   1.8094302e-01
   4.9497753e-01   6.6738590e-01
  -2.1721588e+00   3.9156405e-01
   8.2324591e-01   2.5199357e-01
  -9.8250665e-01   6.8168684e-01
  -2.3264848e+00   3.2514460e-01
  -4.0530955e+00   2.0295531e-01
  -1.0082866e+00   3.9593846e-01
   8.0151233e-01   3.8995651e-01
  -2.6120719e+00   8.3641474e-01
  -8.9109048e-01   1.5110527e-01
  -3.1376027e+00   2.4684124e-01
  -3.0239414e+00   3.2223194e-01
  -3.9409145e+00   3.9706537e-01
  -1.8277911e+00   1.4261964e-01
  -1.5967540e+00   3.3184295e-01
  -2.8534746e+00   3.2071934e-01
  -3.1980200e+00   6.5206204e-02
  -5.9906507e+00   3.0493529e-01
  -1.2165583e+00  -1.1543316e-01
  -1.8277386e+00  -6.9749902e-02
  -2.0516748e+00   1.1901325e-03
  -1.5197789e+00   1.9430111e-01
  -3.3816391e+00   6.0272197e-01
  -3.2210136e+00   5.1978099e-01
  -2.5224557e+00   2.9026353e-01
  -2.4233661e+00   2.8865953e-01
  -1.0996030e+00   7.3315023e-01
  -1.6964967e+00   1.8073182e-01
  -2.0134030e+00   3.0937530e-01
  -2.3121786e+00   2.3567836e-01
  -1.1665812e+00   4.1915055e-02
   3.0913627e-01   2.4188993e-01
  -1.2043704e+00   4.6327262e-01
   1.1580504e+00   9.0152422e-02
   1.9174651e-01   4.2744253e-02
   6.6845980e-02   1.2262360e-01
  -3.0252512e+00   8.5397276e-02
  -1.0813528e+00   2.9447145e-01
  -8.9408558e-01   4.8318173e-02
  -1.0803008e-01   3.7460931e-01
  -3.0696957e+00   5.9273291e-02
  -7.3944972e-01   3.5243716e-01
  -3.3947021e+00   3.2141315e-01
  -2.1147033e+00   1.0124080e-01
   5.7551085e-01  -4.6068583e-01
   6.6417118e-01  -7.4285010e-01
   6.6562439e-01  -1.2879974e+00
   1.0539048e+00  -7.0302287e-01
   8.2851168e-01  -1.1247244e+00
   8.8698847e-01  -7.5004391e-01
   1.3300805e-01  -5.4926993e-01
   7.2645570e-01  -4.9825025e-01
   1.5427324e-01  -1.3191216e+00
   6.8768065e-01   1.8373574e-01
   7.6046561e-01  -5.3391432e-01
   7.8541549e-01  -3.5281427e-01
   4.1910169e-01  -1.5103344e+00
   5.3644912e-01  -1.1875070e+00
   7.8708179e-01   7.8206897e-02
   7.4515179e-01  -2.0635671e+00
   3.2829658e-01  -1.3798627e+00
   3.9666707e-01  -1.1066924e+00
   1.2645434e+00   7.5239750e-01
  -2.1089787e-01   3.0892006e-01
   7.9424855e-01  -9.5173219e-02
  -1.2584019e-01  -3.8871147e-01
  -2.3512451e-01   4.9814649e-01
   5.1995814e-01  -3.1310793e-01
   1.0604967e+00  -7.5153310e-01
   7.9071698e-01  -7.1288244e-01
  -2.0822239e+00   2.3856118e-01
  -3.1711580e-01   3.6985888e-01
   6.5818024e-01  -5.8583215e-01
   3.5886221e-01   3.9407575e-01
   5.7728158e-01  -1.3104983e+00
   5.2609306e-01  -1.9427771e+00
  -8.6732596e-01  -2.3302236e-01
  -4.6177708e-01  -1.1697165e+00
   1.2026614e+00  -4.3607507e-01
   1.0004691e+00  -1.3321246e+00
   2.3442971e-01  -1.5809807e+00
  -5.8971350e-01  -1.1909125e+00
   6.9804913e-01  -1.7077336e+00
   4.2718490e-01  -7.1743579e-01
   1.8514845e-01  -5.5637400e-01
   2.0123044e-01  -7.0568087e-02
   7.3267797e-01   8.3514234e-02
   9.6217588e-01  -6.5546395e-01
  -2.3926633e-01  -8.8602291e-02
   6.0584481e-01  -1.2118551e-01
  -3.6981859e-01  -8.0423619e-01
  -1.3277461e-01  -2.8496497e-01
  -5.6576455e-01   1.2020004e+00
   4.2155573e-01  -1.1421324e+00
   2.0845370e-01   1.3304531e+00
   4.6821506e-01  -1.0312019e+00
   1.7230952e-02  -1.5800724e+00
  -2.4368653e-01  -2.8158093e-01
   5.5873959e-01  -7.4528100e-02
   3.7244878e-01  -1.3236397e-01
   1.4787066e-02  -9.3749801e-01
   2.2180318e-01  -1.2931913e+00
   5.5563467e-01  -2.8747532e-01
   3.4301506e-01   3.2659606e-01
   6.5939574e-01  -2.7805349e-01
   4.9139290e-01  -6.4484952e-01
   1.8028842e-01  -1.1394024e+00
   1.1089851e-01  -1.4249969e+00
   3.8548224e-02  -2.6023862e+00
   1.0348457e+00  -8.0615220e-01
  -7.0345962e-01   1.2698746e-01
   3.7787895e-01  -1.0658341e-01
  -1.2740763e-01  -8.0525497e-01
  -9.4151535e-01  -6.9647837e-01
   6.4019668e-01   3.9695024e-01
   1.0880518e+00  -4.5362341e-01
   9.1818674e-01  -2.4452610e-01
  -3.7589018e-01  -5.1292388e-01
   8.3209128e-01   4.7791640e-01
   1.0213637e+00  -4.5168234e-01
   8.2401116e-01  -1.7688744e+00
  -4.3570308e-01  -3.6413882e-01
   1.2025077e+00  -1.4403470e+00
   7.9627747e-01  -1.6725629e+00
  -5.5938109e-02  -1.2371412e+00
   2.9625401e-01  -6.5776952e-01
   8.1976595e-01  -1.2574481e+00
   7.4261351e-01  -4.9088200e-01
   3.0413507e-01  -5.6618701e-01
  -3.7609683e-01  -1.1111910e+00
   1.5246894e-01  -1.4201625e+00
   8.1507864e-02  -6.1395997e-01
   7.5048064e-01  -1.1763608e+00
   1.7426800e-01  -1.4790173e-01
   6.6307847e-01   7.7266125e-01
   6.0721822e-01   5.7543251e-01
   9.3796651e-01  -1.9290021e+00
   6.7485266e-01  -1.2660763e+00
  -9.9153251e-01   1.6427374e-01
  -4.5429085e-01   1.3024805e-01
   8.5585901e-02   1.0253061e+00
   1.0728068e+00  -1.9226543e+00
   3.9802100e-01  -1.1155976e+00
  -4.3623458e-01  -9.7337527e-01
   8.7382035e-01  -1.0842590e+00
  -4.1724729e-01  -1.0613954e+00
   1.7390206e-01   1.7715590e-01
   2.8411905e-01  -1.3604992e-01
   3.1900040e-01  -4.3799085e-01
   6.9940511e-03   1.2665969e-01
   6.1613008e-01  -1.8168713e+00
   5.8180868e-01  -3.3479286e-01
  -7.4364650e-02   5.1201819e-01
   7.0629957e-02  -6.0225042e-01
   7.0884579e-01  -2.0471100e+00
  -3.8078160e-01  -9.1831603e-01
   2.9150281e-01   3.7751605e-01
   9.4748424e-01  -5.9815489e-01
   8.1771527e-01  -1.0124106e+00
   1.2494782e+00  -5.9906016e-01
   8.0505614e-01  -7.1528829e-01
  -2.1194586e-01   3.6245762e-02
   1.0918459e+00  -1.8044338e+00
  -3.7161502e-01   3.4838028e-02
   5.6683583e-01   5.1947748e-02
   1.2161360e+00  -9.4388835e-01
   1.0618480e+00  -1.9814252e-01
   1.0090643e+00  -8.5130712e-01
  -1.6247284e-01  -1.0073267e+00
   3.9947719e-02  -3.3972965e-01
   2.4775236e-01  -5.9895177e-01
   6.3695548e-01   5.2856883e-01
   1.0723500e+00  -6.9390353e-01
   2.0137009e+00  -1.8977117e+00
  -1.5020431e-01  -1.6962901e+00
   5.2319858e-01  -5.2238508e-02
  -1.4682557e-01   1.7001202e-01
   2.0410956e-01  -6.2978950e-01
   8.4579155e-01  -4.8697749e-01
   1.3133713e-01  -1.1692243e+00
  -3.1978154e-02  -1.5004642e+00
   6.8183874e-01  -6.1086719e-02
   5.5908467e-01  -8.3645000e-01
   9.8008745e-01  -1.6896572e+00
   1.4457954e+00  -7.6769907e-01
   1.2324078e+00  -1.4449922e+00
  -5.4594099e-01  -9.9989943e-01
   1.0007951e+00  -1.2613330e+00
   5.1855742e-01  -9.1422145e-01
   3.6636975e-01  -1.3808138e-01
   2.0152922e-01   9.0020953e-02
  -8.9040424e-02  -1.2022548e+00
   6.0480013e-01  -3.0897144e-01
   2.9283209e-02  -9.4019647e-01
   1.0302977e-01   2.8398933e-01
   8.5323417e-01  -7.4461038e-01
  -1.2552568e+00  -2.2251273e+00
   1.4077539e-01  -1.0649316e+00
  -6.4304641e-01  -4.5699416e-01
   9.2657996e-01  -4.1717877e-01
  -7.9576458e-01  -1.9798766e+00
   5.5957014e-01   7.2041249e-02
  -2.2810171e-01   2.9316501e-01
  -2.6622025e-01   5.4824709e-01
   2.8321203e-01  -1.3065395e-01
  -1.6485523e-01  -1.4444378e-01
   3.7339951e-01   5.9300053e-01
   5.8155806e-01  -1.8117560e-01
   7.7064813e-01  -2.0453462e+00
   1.9943244e-01  -9.2596961e-02
   7.9882827e-01  -6.8065920e-01
   7.3697268e-02   7.3716109e-01
   8.2547638e-01   6.3566052e-01
   1.2589527e+00  -3.4822927e-01
   8.6337890e-01  -7.7808534e-01
   1.1867004e-02  -2.9406484e-01
   8.3871067e-01   8.9795944e-02
   1.3502533e+00  -1.0181465e+00
   3.3263989e-01  -7.5142231e-01
   7.9330683e-01   1.7231924e+00
  -6.9575433e-02  -1.7707455e+00
   9.7339879e-01  -2.1096711e-01
   1.3563823e+00   3.5063860e-01
   7.0853260e-01   4.4896200e-01
   8.4723055e-01  -5.0089977e-01
   8.5518677e-02   4.5435650e-01
   4.8370443e-01   3.1206686e-01
   6.1005541e-01  -1.9498330e-02
  -4.4474163e-01  -7.5387123e-01
   7.9337940e-01   2.1195369e-01
   2.9169523e-01  -4.0873052e-01
   4.7585025e-01  -1.1872478e+00
   1.4282175e+00  -1.2905028e+00
   6.7586606e-01  -1.5105213e+00
   5.4265342e-01  -2.2356458e+00
  -3.2140880e-01  -1.6232215e+00
   8.9825073e-01  -3.1260563e-02
  -9.3286854e-01  -1.7203698e+00
   3.9226766e-01   1.2155462e-01
   4.5112836e-01  -7.5748258e-01
   2.2223866e-01  -5.1761031e-01
   1.9763040e-01  -1.2681073e+00
   5.7971900e-01  -9.3742277e-01
   1.1956571e+00  -1.1010982e+00
   7.1381747e-01  -2.2116274e+00
   4.0306210e-01   2.1350681e-01
  -6.3900862e-02  -1.4572446e+00
  -6.6060901e-01   1.1003955e+00
  -2.6245925e-01  -1.4332747e+00
   7.0401356e-01  -6.6677227e-01
   8.5087407e-01  -1.0439808e-01
   3.7883370e-01  -3.7526733e-01
  -3.0861633e-01   7.8743474e-01
   1.0237176e+00  -3.1683175e+00
  -6.3764695e-01  -1.2984614e-01
  -5.7106667e-01  -4.6285079e-01
   5.5271014e-01  -1.8822469e+00
   8.8800204e-01   1.1439845e+00
   1.6706667e-01  -3.5097367e-01
   1.7764862e-01  -2.3530308e+00
   8.7501334e-01   1.9372283e-01
   5.8485263e-01  -1.3328578e+00
   7.2466520e-01  -1.3672672e+00
   8.5303796e-01   3.0991293e-01
   4.3548083e-02  -7.1567957e-01
   1.0095187e+00  -3.0345260e-01
   3.1979223e-01  -9.5925184e-01
  -4.1514764e-01  -4.9762942e-01
  -6.5739778e-01  -2.9332831e-01
   7.6157359e-01  -2.8652875e-02
   1.2399394e+00  -1.4211655e+00
   5.2151239e-01  -2.0751197e-01
   9.7807993e-01  -9.5829862e-01
  -1.0262723e-01   8.3649121e-03
   5.0524646e-01  -2.2698196e-01
   2.5502038e-02  -1.5364714e+00
   2.4052559e-01   6.9159241e-01
  -7.8053197e-01  -1.1951773e+00
   1.4115606e+00   2.0816968e+00
   3.9917711e-01   3.7500865e-01
   3.2027754e-01   5.4635912e-02
  -1.2558033e-01  -8.7044010e-01
  -7.5659875e-01   1.2118259e+00
  -9.5036921e-02   3.2766726e-02
   5.5374258e-01  -1.6385823e+00
   9.0567147e-01  -9.2789012e-01
  -3.2002293e-01   5.2890333e-01
   1.6101648e+00  -1.3938709e+00
   8.7485622e-02   1.5328213e+00
  -1.1333321e-01  -8.6130864e-01
   3.7593585e-01  -1.0523229e+00
   6.7838318e-01  -1.2383075e+00
  -4.5484550e-03   3.5711790e-01
   1.6926669e+00  -2.0844776e-01
  -1.3600794e+00   1.2364759e+00
   6.6967164e-01  -8.4017156e-01
  -1.7274225e-01   1.0967596e+00
   5.3547258e-01   2.3576969e-01
   5.2332352e-02  -3.6885115e-01
  -1.8928639e-01  -2.9265481e-01
   4.7728838e-03   2.2515554e-01
   1.5874377e+00  -3.0783185e-01
   2.6492774e-01   1.7518499e-01
  -6.6192240e-01  -1.1725914e+00
   7.0325942e-01   1.0230319e-01
  -4.2490347e-01  -1.2743331e+00
   1.1126450e+00   5.3665251e-01
  -6.4359753e-01  -8.9116234e-01
   1.4630903e-01  -1.4086578e-01
   7.2624151e-01  -1.8921235e+00
  -7.2927957e+00  -1.5865014e+01
   7.9556418e-02  -1.0089068e+00
   5.9332310e-01   4.1090236e-01
   2.7280815e-01  -3.9833330e-01
   7.3138432e-01  -6.1018814e-01
   1.0313131e+00   9.7582797e-01
   4.6398038e-01  -1.9250057e+00
  -1.0295968e+00  -1.2608584e+00
   3.5411271e-01  -4.6783957e-01
   1.0165742e+00  -4.7219780e-01
   1.8893332e-01  -2.3838151e+00
   9.3076888e-02   3.3521567e-01
   6.1325416e-01  -8.6679604e-01
   2.1283759e-01  -1.1666710e+00
   5.4692827e-01  -5.4540802e-01
   9.0052786e-01  -5.1359337e-01
  -3.9388453e-01  -1.2594211e-01
  -2.7299617e-02  -1.1924616e+00
   5.1445330e-01   1.5261052e-01
   1.5634011e+00  -1.4610237e+00
   1.2808061e+00  -4.8805636e-01
   2.8921109e-01  -1.2449381e+00
   2.2114167e-01  -7.6488603e-01
   3.8710928e-01   1.3855719e-01
   7.3637209e-01  -5.1129697e-01
  -6.1087365e-02   1.0241913e-01
   5.9378306e-01   6.1433518e-03
   1.3542353e-01   2.0527804e+00
   2.1521948e-01   4.0230059e-03
   7.8553060e-01   1.6896437e+00
   8.4503585e-01   3.8912821e-01
   1.0762394e+00  -6.1559949e-01
   4.8247704e-01  -2.2688386e-01
   1.6413356e-01  -6.7607571e-01
  -1.7223346e-02   4.9153269e-02
   2.1298480e-01  -1.3421026e+00
   3.2921697e-01  -7.9897308e-01
   5.7599092e-01  -8.3914617e-01
   3.4358916e-01  -1.0232819e+00
   1.1759423e-01  -1.5452762e-01
   7.8441654e-01   1.9693852e-01
   1.0102348e+00   9.7931782e-01
   1.8480852e-01  -3.6478513e-01
   7.8233312e-01  -8.6698897e-02
   7.0308965e-02  -6.6752102e-01
   2.9391596e-01  -4.0550496e-01
   1.7907050e+00  -3.0997269e-01
   5.2014254e-01  -1.0284940e+00
   6.2849024e-01  -1.6416759e+00
   1.9443119e-01  -1.5369096e+00
   4.5665448e-01  -4.3882678e-02
   9.1905534e-01  -4.8657630e-02
   3.1026132e-01  -1.3684548e+00
   9.9864861e-01   8.2016975e-01
  -8.3165329e-01  -7.0484270e-01
   1.6002862e+00  -2.3651397e-01
   9.6058277e-01   1.6694636e-01
  -3.2812594e-02   8.0518720e-01
   4.9953015e-01  -9.2712488e-01
  -4.1988475e-01  -1.1440831e+00
   9.0726822e-01  -1.4697652e+00
   5.4458313e-01  -2.7797169e-01
   8.7832520e-01   1.1892371e-01
   6.5929709e-01  -4.3988278e-01
   5.6804618e-01  -8.4480951e-01
   2.7443607e-01  -9.8242133e-01
   7.4073065e-01  -1.5077520e-01
  -1.7738011e-01  -6.4284491e-02
   7.9747267e-02   1.4545816e+00
  -3.7262313e-01   6.6592112e-02
   1.9228027e-01  -2.9460173e-01
  -3.7851155e-01  -1.5380292e+00
   3.3570988e-01  -1.3319126e+00
   4.0713960e-01  -4.9877349e-01
  -1.4399460e-01  -6.0431263e-01
   9.4417534e-01  -3.4979824e-01
   5.7945429e-02  -7.5645015e-01
   6.6896309e-02   1.3404031e+00
  -4.9904514e-01  -1.9007490e+00
   1.0905396e+00  -7.4685530e-01
   9.3272373e-01  -2.4567646e+00
   1.2320388e+00  -6.3901308e-02
   3.4404465e-02   2.4945464e-01
   1.8585463e-01  -1.0433783e+00
   5.4235374e-02  -6.8746850e-01
   7.9347616e-01  -3.7218237e-01
   9.9546881e-01  -3.8931797e-01
   1.1983747e+00  -1.5851809e+00
   4.7786374e-01  -1.7828344e+00
   1.5600734e+00  -2.0980626e+00
   5.9186405e-01  -1.5285176e+00
   1.5877724e-02  -5.0235067e-01
  -1.0209772e-01  -1.5963327e+00
   1.4338076e+00  -3.6773742e-01
  -1.1608134e+00  -1.4595391e+00
   8.1953423e-01  -1.1802612e+00
   9.4815821e-01  -7.5906608e-01
  -6.4207506e-02  -1.6156623e+00
   1.2659593e+00  -9.0897638e-01
   4.8506197e-01  -1.2962238e+00
  -7.6624839e-01  -1.6488636e+00
   8.7014614e-02   8.8396118e-01
   3.2400725e-01  -1.5968542e+00
   1.1487686e+00  -2.1520853e+00
   4.6923070e-01   1.4977865e-01
  -3.8971531e-02  -2.0154818e+00
  -3.0967406e-01   2.1070309e-01
  -1.5942542e-01  -2.9182226e-01
   1.9287104e-01  -9.4691366e-01
   8.0491235e-01  -1.8075644e-01
   1.3059046e-01  -2.3429561e+00
   3.4658570e-02  -1.0399496e+00
  -3.6777574e-01  -2.2018624e-01
  -4.7535496e-02  -2.5082954e-01
   5.5940777e-02   3.6417740e-01
   1.9078938e-01   4.6443342e-01
  -2.7960551e-02   8.2286808e-02
  -9.7395427e-01  -1.3348428e-01
  -1.5502390e+00  -1.1228889e+00
   2.9574156e-01  -9.0676990e-01
   6.9345323e-01  -6.7614077e-01
   1.0460519e+00  -8.1966677e-01
   1.5977817e+00  -6.3031505e-01
   3.8582907e-01  -1.2547855e+00
   4.2246106e-01  -8.1492792e-01
   1.1735021e+00  -6.4630361e-01
  -5.4224748e-02   7.7868836e-02
   1.6480238e-01  -5.7860109e-01
   8.2113312e-01   8.2299762e-02
   1.7168004e-01  -7.1146864e-01
   4.4332699e-01   3.6896168e-01
  -4.2841380e-01   3.9296176e-01
  -6.1384515e-01  -4.7091624e-01
   2.3058267e-01  -3.4307724e-01
   1.6016077e+00  -4.1331578e-01
  -7.1665895e-01  -1.4518976e+00
   4.6273616e-01   1.1446431e+00
   7.8950071e-01   1.9055944e-01
   2.3910029e-01  -9.3149178e-01
   3.1656698e-01  -3.1776620e-01
   1.0586140e+00  -3.3043973e-01
  -1.2795456e-01   4.5309069e-01
   4.4540104e-01  -1.0794855e+00
   1.0874371e+00   4.8055798e-01
   8.5398894e-01  -7.5680363e-02
   8.4622350e-01   1.9826044e-01
   2.0807863e-01  -4.1386691e-01
   9.2734017e-01  -3.7623857e-01
   4.9838158e-01  -4.4238552e-01
   1.3964856e+00  -1.1913255e-01
  -2.7849844e-01  -8.7816442e-01
   3.2971245e-01   2.2132428e-01
   4.9404141e-01  -4.5735920e-01
   4.3184182e-01  -7.9581409e-02
   3.3560363e-01  -1.1905622e+00
  -1.6411350e-02  -9.4338479e-01
   8.8815734e-01   7.0825125e-02
   7.9857558e-01  -7.5949845e-01
  -5.5079931e-01  -3.2614110e+00
   1.0888245e+00  -1.0464225e+00
  -1.5276256e-01  -1.1077090e+00
  -3.5282714e-01   1.6031322e-01
   2.5740142e-01  -4.3318467e-01
   6.4064984e-01  -8.6044399e-01
   9.9576638e-01  -5.7833647e-01
   6.0164232e-01  -9.5414614e-01
  -3.1247400e-01  -6.6017771e-01
   3.9614092e-01  -6.4740093e-01
   4.4388516e-01  -9.7888380e-01
   8.3482989e-01  -1.1719053e+00
   1.7185746e+00  -1.1568932e+00
   1.7262808e-01  -6.9446237e-01
  -4.8383712e-02  -1.1207904e+00
   1.5690320e+00  -3.4203138e-01
   7.1492233e-01  -2.0872509e-01
  -4.6172225e-01   3.4849995e-02
   9.5798607e-01  -2.3781267e+00
   1.2901138e+00  -6.8759685e-01
   2.8098333e-01  -5.2442598e-01
   3.7193459e-01  -3.4125676e-01
  -4.8067763e-02   1.4166851e-02
   5.8738006e-01  -6.4736028e-01
  -3.7589939e-01  -3.2076083e-01
   1.2842050e-01  -5.1129729e-01
   8.8998814e-03   1.2814364e-01
   6.6671197e-01  -2.3425705e-02
   1.5617422e-01   1.7358826e-01
   2.3355347e-01   8.5123716e-02
   5.6495073e-01  -1.1079753e-01
   6.6505719e-01  -1.6756780e+00
  -6.8630858e-01  -1.0326574e+00
   6.1355619e-01   1.3045687e+00
  -2.0092435e-01  -1.2558036e+00
   4.9387731e-01  -1.2108562e+00
  -8.6973656e-02  -7.3426345e-01
  -4.0587821e-01  -3.7196622e-01
   1.5373339e-01  -2.5745206e+00
   6.9109817e-01  -7.3774750e-01
   1.5704934e+00  -1.3318269e+00
   4.7138674e-01  -8.4332917e-02
   5.7459358e-01  -3.0830440e-01
  -3.5599951e-01  -1.1447702e+00
   5.0189619e-01  -4.0726785e-03
  -8.0094199e-03  -1.1695298e+00
  -3.4887969e-01  -1.0289636e+00
  -4.6638699e-01  -4.8494303e-01
   9.7021416e-01   4.7493582e-01
   6.4760853e-02  -5.1670453e-01
   1.9790444e-01  -7.1368529e-01
   1.8085442e-01  -3.0124648e-01
  -8.0964566e-02  -5.3440908e-01
   2.0848184e-01  -3.5648793e-01
   1.1531310e+00  -3.0792644e-01
  -1.6665554e-01  -1.5247752e+00
   5.1401127e-01  -2.7057619e-01
  -1.3497303e-01  -2.2365619e+00
   1.1572167e+00  -1.4997678e+00
   1.2524507e-03  -9.8872141e-01
   6.2789607e-01  -7.9159273e-01
   7.7531027e-01  -7.7682817e-01
   4.5244540e-01  -5.1603480e-01
   6.5670078e-01  -4.9091146e-01
   3.4854102e-01  -6.3090573e-01
   1.7646037e+00  -2.2816896e-01
   1.3751077e+00  -4.8909181e-01
   1.0708785e+00   4.8995028e-01
   1.4222225e+00  -8.8696625e-01
   2.1632388e-01  -9.9240810e-01
   6.0119748e-01  -1.3943474e+00
   7.3050326e-01  -4.9964308e-01
   1.0475631e+00   2.1411739e-01
   2.6651180e-01  -7.6657125e-01
   1.3144570e+00  -9.8367328e-01
   1.4976150e-01  -1.0332674e+00
   1.2187334e+00  -1.2965645e+00
  -3.0463309e-02  -5.4751656e-01
  -3.1992346e-01  -1.5040746e+00
   3.5539263e-01  -6.3647563e-01
   6.3847310e-01  -9.5693728e-01
   4.3698473e-01  -8.1654298e-01
   9.9563622e-01  -5.2402820e-01
  -2.8748435e-02  -4.9338366e-01
   1.3848401e+00  -3.8159817e-01
   9.7090304e-01   4.0516985e-02
   8.4149954e-01  -2.0116482e+00
  -4.9643171e-01  -1.1951169e+00
   5.9915590e-01  -8.5297607e-01
   8.8366004e-01  -8.2404705e-01
   8.4991509e-01  -5.2655959e-01
   5.7184271e-02  -1.1021462e+00
   1.1935821e+00  -5.6369124e-01
   1.2309840e+00  -5.1393062e-01
   4.3395764e-01  -1.8487927e+00
   3.1841972e-01   2.1410953e-01
  -6.0743996e-01   2.4183644e-02
   1.2348737e+00  -2.2696009e+00
   3.3989800e-01  -2.6829040e-02
  -9.6009096e-02  -6.8371971e-01
   4.2340335e-01  -4.2995312e-01
   2.4577080e-01   4.4610054e-01
  -1.4763817e-01   9.2255780e-01
  -1.6919497e-01  -1.4972076e+00
   6.4377273e-01  -9.2225989e-02
   8.7103045e-01  -5.2905384e-01
  -2.6496646e-01  -9.0388956e-01
   8.2082728e-01  -8.0499250e-01
   6.3077473e-02  -3.4462289e-01
   1.8456115e-01  -2.7200576e-01
  -4.2566648e-01  -9.1899432e-01
  -1.1962940e+00  -1.0738646e+00
   3.0839811e-01  -2.6542636e+00
  -1.0656417e-01  -3.5149709e-01
   7.1692046e-01  -1.1894162e+00
  -3.5638931e-01  -6.7327104e-01
   9.7283219e-01   1.2208526e-02
  -1.5937152e-02  -5.9387992e-01
   1.8887032e-01  -8.9113076e-01
   5.3852656e-01  -3.8133246e-01
   8.8053125e-01  -2.6754222e-01
   1.1886898e+00  -2.0275645e+00
  -3.2468291e-01  -1.3547577e+00
  -1.5276784e-01   1.0572975e+00
   6.3233419e-01  -9.0912868e-03
   2.2741710e-01  -3.4817542e-01
  -2.7509103e-01  -8.3538882e-01
   1.8015930e+00  -4.7051877e-01
   9.0300547e-01  -1.3676927e+00
   8.0921656e-01  -1.0747941e+00
   1.9819533e-01   1.0186746e-01
   6.8426967e-01  -1.0775715e+00
   4.7336945e-01  -1.4332721e+00
  -1.5447884e-02  -1.1097554e+00
  -1.0218654e-01  -1.3747549e+00
   2.6723839e-01  -9.6292394e-01
   4.3505970e-01   1.9547408e-01
   7.2618025e-01  -2.8481562e-01
   5.4061719e-01  -1.6904272e+00
   6.5585808e-01  -2.0755610e+00
   1.4436264e+00  -1.7940315e+00
   8.4868461e-01  -1.2512907e+00
   1.0261075e+00  -5.8027632e-01
   1.3551131e+00  -1.0198639e+00
   6.9245556e-01  -3.0361709e+00
   9.4732167e-01  -1.7596365e+00
   1.0251245e+00   7.0885516e-01
   2.7437064e-01  -1.7624097e+00
   8.6634070e-02   4.0095834e-01
   3.9022420e-01  -6.1923581e-01
   5.1073502e-01  -8.4005037e-01
   1.1857726e+00  -2.3696821e+00
   1.1225282e+00  -1.2559400e+00
  -2.7063303e-01  -2.4229044e+00
   7.1291074e-01  -2.5351319e+00
   7.6954780e-01  -2.0815280e+00
   6.5726084e-01  -7.9741168e-01
   5.4728061e-01  -7.0789747e-01
   2.7995757e-01  -1.2989125e+00
   8.8754718e-01  -5.6610893e-01
   6.9882811e-01  -1.3938110e+00
  -5.5405304e-02  -1.0220328e+00
   9.7707567e-01  -9.3760924e-01
   2.7594203e-01   3.9727443e-01
   8.6035510e-01  -2.6033729e-01
   8.2272606e-01  -1.0715197e+00
  -6.8916723e-01  -1.6673167e+00
   1.1102746e+00  -1.7040034e-01
   1.9615573e-01  -3.0724608e-01
   1.0211889e+00  -9.4826074e-01
   4.1661143e-01  -4.7363711e-01
  -2.1104245e-01  -2.1320150e+00
   5.8502488e-02  -5.0681616e-01
   8.4631983e-01  -1.1672596e+00
  -4.8960621e-03  -2.0733235e-01
  -2.6940873e-02  -1.3739722e+00
   1.2417773e-01   1.8339183e-01
   5.6822445e-01  -1.0187825e+00
   6.3919040e-02   5.6081547e-01
   7.6401869e-01  -6.0881166e-01
   3.7332242e-01   2.2084130e-01
   2.5674360e-01  -6.8169001e-01
   3.1722022e-01   2.9353071e-01
   5.9871494e-01   1.3134106e-01
   7.1230350e-01   6.4302989e-01
   8.2846892e-01  -1.7320303e+00
  -5.8922416e-01  -1.5216167e-01
   6.9570529e-01  -1.2109741e+00
   5.8653551e-01  -1.5984327e+00
   3.7141315e-01  -5.7428301e-01
   6.9663984e-01  -1.0178866e+00
   3.2932681e-01  -3.2120408e-01
   8.4071297e-01  -2.0454954e-01
   1.3840582e+00  -1.1576256e+00
  -6.7458197e-02   8.9388416e-02
   7.8714536e-01  -1.0526067e-01
   4.5519553e-01   9.5646983e-01
   2.2835138e-02  -1.4510472e+00
   6.8232654e-02  -6.3769706e-01
   1.4559777e+00  -9.3932296e-01
   1.6024550e+00   1.6108459e+00
   2.1135273e-01  -2.5899834e+00
   2.8065800e-01  -8.8986937e-01
   6.2235720e-01  -1.7481198e+00
   3.9228766e-01  -2.0443471e+00
   1.3845269e-01  -9.1059881e-01
   5.5817123e-01  -1.8802117e+00
  -1.6283347e-01  -1.1939564e+00
   3.7523709e-01  -1.4922915e+00
   5.2773182e-01  -1.2224163e+00
   3.2098494e-01  -3.6824582e-01
   5.6175870e-01   2.4407859e-01
   2.3476317e-01  -1.4175869e+00
   5.7768440e-01  -1.8196125e+00
   2.9375216e-01  -2.0899537e+00
   1.6355074e-01  -1.1681391e+00
  -1.6596655e-01  -3.5893503e-01
   6.3555699e-01  -1.4527535e+00
   4.5246165e-01  -6.3358331e-01
   1.3943482e+00  -1.3098092e+00
  -5.1270958e-01  -6.3498227e-01
   3.3736241e-01  -1.3614154e+00
   9.7123839e-01  -7.7929110e-01
   3.4102013e-01  -1.3745378e+00
   7.7005515e-01  -9.0849219e-01
   1.1057998e+00  -7.3601405e-01
   5.0356026e-01  -4.6556540e-01
  -3.3918100e-02  -5.6246449e-01
   3.4837260e-01  -6.3903249e-01
   9.6062146e-02  -8.2362921e-01
  -3.8656917e-01  -5.3110001e-02
  -1.0062818e+00  -9.0553688e-01
   1.3183186e-01  -1.2634582e+00
   2.3606883e-01  -5.6680406e-01
   9.8136332e-02  -2.1964656e+00
   3.0709122e-01  -1.5369956e+00
   3.6768771e-01  -7.4625463e-01
  -1.0193714e-01  -2.9771993e-01
  -9.4552711e-01  -1.4683946e+00
   3.0758441e-01  -1.6654106e+00
   3.1329265e-01   5.6891394e-01
  -7.0397525e-02  -3.5111653e-01
   1.7879746e-01  -5.1545022e-01
  -2.6531657e+00  -9.6224903e-01
   7.5101592e-01  -1.9074761e+00
  -1.2940987e-01  -9.2534096e-01
   3.5791064e-01  -7.7803568e-01
   5.5118579e-02  -8.2265988e-02
   3.1275674e-01  -8.1503862e-01
   9.5377292e-01   8.6933228e-01
  -2.9342468e-01  -3.9161414e-01
   2.1076136e-01  -1.6704836e-01
  -3.2853684e-01   7.1077677e-01
   3.9030428e-01  -1.3443552e+00
   8.5887646e-01  -1.1486767e+00
   1.2845723e+00  -1.3719989e+00
   3.0047426e-01   5.0127061e-01
   9.9198782e-01  -5.2793158e-01
   1.3273649e+00  -5.6277880e-01
  -6.2402615e-01  -4.0915543e-03
  -9.1555973e-02  -4.6209475e-01
   9.9690869e-01  -5.2349644e-01
   5.7268764e-01  -1.3280700e+00
  -3.9453438e-01  -1.2958416e+00
   5.0952274e-01  -7.8143188e-01
   2.6258676e-01  -3.2496664e-01
   5.2734831e-01   3.8953804e-01
   3.1556237e-01  -4.7183484e-01
   4.2223085e-01  -7.1508908e-01
   1.0066539e+00  -8.5048159e-01
   9.9782962e-01  -9.6624214e-01
   1.3901051e+00  -9.5813126e-01
   4.4906233e-02  -1.3298065e+00
   1.7913247e-01  -2.4716079e-01
   2.0418506e-01  -1.1356043e+00
   4.1763212e-02  -8.6185482e-01
   4.7984103e-01  -1.9535923e-01
   2.0232579e-01  -2.5652898e-01
  -1.3844079e-01  -1.3725086e+00
   2.9278727e-01  -2.0234609e+00
   2.1083845e-01   3.4895615e-01
  -4.4325679e-01  -2.8996488e-01
   7.9306408e-03  -1.5878376e+00
   6.0283025e-01  -3.1297868e-01
  -2.1868506e-01  -8.0076108e-01
   1.0777999e+00   4.5907526e-01
   5.6315979e-01  -1.6811398e+00
   1.2145872e-01   6.0847643e-01
   1.4447711e-01   7.7964920e-02
   6.4227941e-01  -4.3595238e-01
  -3.2845292e-02  -6.5663236e-01
   1.6954090e+00  -5.4672244e-01
   1.1407294e+00  -1.0969959e+00
   8.0569841e-01  -7.0303279e-01
   1.4348079e+00  -1.2747818e+00
   8.5994070e-01  -5.0354163e-01
   1.0779713e+00  -1.2867351e+00
   9.4249064e-01  -7.5851470e-02
   4.6807174e-01  -2.1949048e+00
   5.8089276e-01  -2.4307379e+00
   1.3447168e+00  -1.3776679e+00
   1.1021628e+00  -2.1907690e+00
   7.9697091e-01  -5.3083535e-01
  -8.8120176e-01  -9.6348864e-01
  -2.9484049e-01  -1.0277124e+00
   6.0672158e-01  -1.4161324e+00
   1.5578595e+00  -1.9285786e+00
   1.6423697e-01  -6.8678698e-01
   5.6908567e-01  -7.0112599e-01
   4.0232647e-01  -1.5233174e+00
   4.6487925e-01  -6.1188520e-01
   1.4259691e+00   4.6398005e-01
   2.2273561e-01  -9.9023629e-01
   8.7837909e-01  -1.5139645e+00
   7.8099932e-01  -3.2187975e-01
   7.3400560e-01  -5.9846678e-01
   1.3162620e+00  -1.6036040e-03
   1.1150598e+00  -1.0615912e+00
   9.7691268e-01  -2.5710713e-01
   3.2377047e-01  -1.4716058e+00
   8.5444077e-01  -8.9267772e-01
   7.3697337e-01   1.9968797e+00
   1.7815911e+00  -4.2482857e-01
  -5.6590102e-01  -2.4811360e-01
   3.5313178e-01  -1.8070882e+00
   5.7619400e-01  -6.8862697e-01
   7.0587929e-01  -1.0205851e+00
   3.9657996e-01  -1.0450004e+00
   6.9909841e-01  -1.6023675e+00
   2.7651231e-01  -8.9801298e-01
   4.8309272e-01   3.7109843e-01
   1.2036877e+00  -4.3122335e-01
   7.6244719e-01  -1.6575045e+00
   2.6362091e-01  -1.4449465e+00
  -7.6319297e-02   6.8308459e-01
   4.7323808e-01  -6.5231171e-01
   6.7710970e-01  -1.0530728e+00
   5.1519654e-01  -1.0148277e+00
  -2.5046888e-01  -1.2515638e+00
   6.8476571e-02  -9.9178103e-01
   1.2687411e+00  -4.1143608e-01
   7.2686705e-01  -1.4034834e+00
   3.3795129e-01  -9.1220543e-01
   3.7975525e-01  -7.4245905e-01
   6.8496289e-01   1.8220135e-01
   5.1343764e-01  -4.7665007e-01
   2.5886919e-01  -1.1143572e+00
  -3.3737350e-01  -1.0983027e+00
  -2.4692611e-01  -1.7909096e+00
   4.8883939e-01  -5.5538588e-01
   5.8843157e-01   3.0626249e-01
   8.6298881e-02  -1.5334448e-01
   5.3659105e-01  -1.4702710e-01
   4.7295172e-01  -1.1310529e+00
   1.0561777e+00  -1.4559900e-01
   1.0528159e-01  -2.3790855e+00
   5.2520006e-01  -1.1411499e+00
   3.4215024e-03  -2.4117742e+00
   1.6846682e-01  -8.2320856e-02
  -3.3727949e-02   4.8521388e-01
  -3.0833380e-01  -9.1281178e-01
  -4.2465048e-01  -6.0787444e-01
   9.8331729e-01  -1.7242349e-01
   1.0541067e-01  -1.7065093e-01
   6.4543167e-01  -4.7518685e-01
   4.4925043e-01  -7.7621879e-01
   5.5499679e-01  -2.3573849e+00
  -1.0765466e-02  -4.5285714e-01
   1.0989418e+00  -4.7489278e-01
  -3.9209539e-02  -1.0536814e+00
   1.5065022e+00  -1.9369469e+00
   1.1160008e+00  -1.4255015e+00
   1.1537783e+00  -8.7388150e-01
   4.7317676e-01  -8.7186144e-01
   8.5704412e-01  -4.1503622e-01
   8.0931035e-01  -2.5503888e+00
   8.0971517e-01  -1.3576159e-01
   7.8026295e-01   4.6381773e-01
  -3.3547747e-01   4.3176291e-01
   2.4927749e-01  -1.4334498e+00
   4.9553686e-01  -3.0903098e-02
   4.0001574e-01  -3.5675264e-01
   2.1940246e-01  -8.1768342e-01
  -2.2602301e-01  -1.7786016e+00
   3.3634441e-01  -6.9638787e-01
   7.9891365e-01  -2.2579223e+00
  -9.2642371e-02  -2.1067635e+00
   1.4809194e-01  -1.1256886e+00
   9.0420897e-01  -2.9007860e-01
   1.5081507e+00  -1.5275454e+00
   7.8560199e-01   7.7813096e-02
   1.5660042e+00  -6.8826221e-01
   1.2058075e-03  -2.7382015e-01
   8.3571618e-01   4.2943112e-01
  -3.9490200e-01  -8.9755491e-01
   1.0716345e+00  -6.8367918e-01
   3.2121386e-01  -1.3846986e+00
   6.5461816e-01  -2.5821455e-01
   4.1770083e-01   2.5097471e-01
   4.9392832e-01  -1.0048770e+00
   6.3349920e-01  -1.2279482e+00
   7.7316651e-01  -5.7088587e-03
  -4.5678041e-01   7.1587109e-01
   2.6415366e-02   7.7342411e-02
   4.7418835e-01  -1.9217222e+00
  -2.9437221e-01  -1.5173090e+00
   6.7455691e-01  -1.8846355e+00
   3.7454539e-01  -1.1970812e+00
   3.7630566e-01  -1.1317966e+00
   1.3705297e-01  -1.2769444e+00
   5.0369021e-01  -5.5188395e-01
   3.4234897e-01  -1.4194266e+00
   4.7143569e-01  -3.2457423e-01
   8.0743824e-01   1.2892591e-01
   6.4619204e-01  -2.2325386e+00
   5.1851353e-02  -8.0410273e-01
   1.9354028e-01  -9.1445835e-01
   1.4557210e+00  -1.1760134e+00
   7.9723333e-01  -1.4599129e+00
  -9.1671272e-01  -9.8865066e-01
  -4.2900502e-01  -5.4613557e-01
   8.0016143e-01   1.1126887e-01
  -1.2685954e-01  -8.4680529e-01
   7.4664928e-01  -4.8425304e-01
  -5.4274488e-01  -6.2210856e-01
   3.9275515e-01  -4.5072066e-01
   4.7108402e-01  -1.6122136e-01
   8.4931101e-01   1.9971106e-01
   1.4902892e-01  -1.3511458e+00
   3.5278815e-01  -2.0534978e+00
   9.2858508e-01  -7.2538487e-01
   3.3035364e-01  -7.5713418e-01
   1.2786203e+00  -3.2259898e-01
   1.1090703e+00   3.7104870e-01
   8.2476337e-01  -1.9401525e+00
   1.6844952e+00  -1.2172849e+00
   8.1262590e-01  -1.0653175e+00
   3.5396700e-01  -8.7820200e-01
   9.8063002e-01  -5.2968773e-01
   6.9795961e-01  -1.2424558e+00
   6.2284563e-02  -7.8162453e-01
   5.4045670e-01  -3.2515797e-01
   5.6954631e-01  -4.9647565e-01
   7.0105408e-01  -5.7672865e-01
   6.7236259e-01  -2.7800107e-02
  -2.7661138e-01  -5.4162467e-01
   1.7693595e-01  -1.6581370e-01
   4.4652131e-01  -5.1128189e-01
   1.0956257e+00   6.8913654e-02
   4.2695387e-01  -3.0762117e-01
  -2.5640117e-01  -2.8005807e-01
   1.1867459e-01  -1.1553585e+00
  -1.8548390e-01  -7.2516169e-01
   4.2819412e-01   1.5755310e-02
  -1.3838048e+00   2.4743846e-03
   7.7468607e-01  -1.7770890e+00
  -7.2601736e-01  -7.0917488e-01
   4.9800195e-01   1.7015398e-01
  -1.2455226e+00   1.1747173e-01
  -2.3856851e-01  -1.9716437e+00
  -9.9009849e-01  -3.5289884e-01
  -8.9555006e-01  -1.0474379e+00
  -8.4558029e-02  -1.6957333e+00
   9.8530111e-01   1.4646001e-01
  -2.0505182e-01  -4.8279000e-01
  -8.9181005e-01  -7.4396727e-01
   3.6947270e-01  -1.3559346e+00
   1.1548516e+00  -1.4318610e+00
