   5.7551085e-01  -4.6068583e-01
   6.6417118e-01  -7.4285010e-01
   6.6562439e-01  -1.2879974e+00
   1.0539048e+00  -7.0302287e-01
   8.2851168e-01  -1.1247244e+00
   8.8698847e-01  -7.5004391e-01
   1.3300805e-01  -5.4926993e-01
   7.2645570e-01  -4.9825025e-01
   1.5427324e-01  -1.3191216e+00
   6.8768065e-01   1.8373574e-01
   7.6046561e-01  -5.3391432e-01
   7.8541549e-01  -3.5281427e-01
   4.1910169e-01  -1.5103344e+00
   5.3644912e-01  -1.1875070e+00
   7.8708179e-01   7.8206897e-02
   7.4515179e-01  -2.0635671e+00
   3.2829658e-01  -1.3798627e+00
   3.9666707e-01  -1.1066924e+00
   1.2645434e+00   7.5239750e-01
  -2.1089787e-01   3.0892006e-01
   7.9424855e-01  -9.5173219e-02
  -1.2584019e-01  -3.8871147e-01
  -2.3512451e-01   4.9814649e-01
   5.1995814e-01  -3.1310793e-01
   1.0604967e+00  -7.5153310e-01
   7.9071698e-01  -7.1288244e-01
  -2.0822239e+00   2.3856118e-01
  -3.1711580e-01   3.6985888e-01
   6.5818024e-01  -5.8583215e-01
   3.5886221e-01   3.9407575e-01
   5.7728158e-01  -1.3104983e+00
   5.2609306e-01  -1.9427771e+00
  -8.6732596e-01  -2.3302236e-01
  -4.6177708e-01  -1.1697165e+00
   1.2026614e+00  -4.3607507e-01
   1.0004691e+00  -1.3321246e+00
   2.3442971e-01  -1.5809807e+00
  -5.8971350e-01  -1.1909125e+00
   6.9804913e-01  -1.7077336e+00
   4.2718490e-01  -7.1743579e-01
   1.8514845e-01  -5.5637400e-01
   2.0123044e-01  -7.0568087e-02
   7.3267797e-01   8.3514234e-02
   9.6217588e-01  -6.5546395e-01
  -2.3926633e-01  -8.8602291e-02
   6.0584481e-01  -1.2118551e-01
  -3.6981859e-01  -8.0423619e-01
  -1.3277461e-01  -2.8496497e-01
  -5.6576455e-01   1.2020004e+00
   4.2155573e-01  -1.1421324e+00
   2.0845370e-01   1.3304531e+00
   4.6821506e-01  -1.0312019e+00
   1.7230952e-02  -1.5800724e+00
  -2.4368653e-01  -2.8158093e-01
   5.5873959e-01  -7.4528100e-02
   3.7244878e-01  -1.3236397e-01
   1.4787066e-02  -9.3749801e-01
   2.2180318e-01  -1.2931913e+00
   5.5563467e-01  -2.8747532e-01
   3.4301506e-01   3.2659606e-01
   6.5939574e-01  -2.7805349e-01
   4.9139290e-01  -6.4484952e-01
   1.8028842e-01  -1.1394024e+00
   1.1089851e-01  -1.4249969e+00
   3.8548224e-02  -2.6023862e+00
   1.0348457e+00  -8.0615220e-01
  -7.0345962e-01   1.2698746e-01
   3.7787895e-01  -1.0658341e-01
  -1.2740763e-01  -8.0525497e-01
  -9.4151535e-01  -6.9647837e-01
   6.4019668e-01   3.9695024e-01
   1.0880518e+00  -4.5362341e-01
   9.1818674e-01  -2.4452610e-01
  -3.7589018e-01  -5.1292388e-01
   8.3209128e-01   4.7791640e-01
   1.0213637e+00  -4.5168234e-01
   8.2401116e-01  -1.7688744e+00
  -4.3570308e-01  -3.6413882e-01
   1.2025077e+00  -1.4403470e+00
   7.9627747e-01  -1.6725629e+00
  -5.5938109e-02  -1.2371412e+00
   2.9625401e-01  -6.5776952e-01
   8.1976595e-01  -1.2574481e+00
   7.4261351e-01  -4.9088200e-01
   3.0413507e-01  -5.6618701e-01
  -3.7609683e-01  -1.1111910e+00
   1.5246894e-01  -1.4201625e+00
   8.1507864e-02  -6.1395997e-01
   7.5048064e-01  -1.1763608e+00
   1.7426800e-01  -1.4790173e-01
   6.6307847e-01   7.7266125e-01
   6.0721822e-01   5.7543251e-01
   9.3796651e-01  -1.9290021e+00
   6.7485266e-01  -1.2660763e+00
  -9.9153251e-01   1.6427374e-01
  -4.5429085e-01   1.3024805e-01
   8.5585901e-02   1.0253061e+00
   1.0728068e+00  -1.9226543e+00
   3.9802100e-01  -1.1155976e+00
  -4.3623458e-01  -9.7337527e-01
   8.7382035e-01  -1.0842590e+00
  -4.1724729e-01  -1.0613954e+00
   1.7390206e-01   1.7715590e-01
   2.8411905e-01  -1.3604992e-01
   3.1900040e-01  -4.3799085e-01
   6.9940511e-03   1.2665969e-01
   6.1613008e-01  -1.8168713e+00
   5.8180868e-01  -3.3479286e-01
  -7.4364650e-02   5.1201819e-01
   7.0629957e-02  -6.0225042e-01
   7.0884579e-01  -2.0471100e+00
  -3.8078160e-01  -9.1831603e-01
   2.9150281e-01   3.7751605e-01
   9.4748424e-01  -5.9815489e-01
   8.1771527e-01  -1.0124106e+00
   1.2494782e+00  -5.9906016e-01
   8.0505614e-01  -7.1528829e-01
  -2.1194586e-01   3.6245762e-02
   1.0918459e+00  -1.8044338e+00
  -3.7161502e-01   3.4838028e-02
   5.6683583e-01   5.1947748e-02
   1.2161360e+00  -9.4388835e-01
   1.0618480e+00  -1.9814252e-01
   1.0090643e+00  -8.5130712e-01
  -1.6247284e-01  -1.0073267e+00
   3.9947719e-02  -3.3972965e-01
